1.853605270e+00 
3.679403782e+00 
3.136447445e-02 
7.096450776e-02 
1.104347229e+00 
3.590529785e-02 
8.604546078e-03 
5.288342953e+00 
1.434803847e-02 
2.655975819e-01 
2.001164109e-02 
3.048256598e-02 
8.941869601e-05 
1.845042408e-02 
2.098177373e-01 
1.773574638e+01 
1.452330500e-01 
3.165758362e+02 
2.803600766e-02 
1.017792895e-02 
3.873465583e-02 
1.717122495e-01 
1.436160383e-04 
2.577647567e-01 
2.527336776e-02 
4.779715836e-01 
3.472056985e-02 
6.413186789e-01 
2.059041739e+00 
3.144114837e-02 
3.644601628e-02 
5.316220969e-02 
1.991835423e-02 
3.560251296e-01 
2.414491892e+00 
4.349657893e-01 
1.254517138e-01 
5.368506536e-04 
5.612183809e-01 
1.990749128e-02 
2.177002898e-04 
2.594711781e-01 
7.010175288e-02 
1.757587865e-02 
4.289027154e-01 
2.930018492e-02 
5.936174840e-02 
7.960181683e-02 
1.843750179e-01 
8.756785840e-02 
1.587989628e-01 
2.473936975e-01 
1.844223007e-03 
2.021988034e-01 
2.314517021e+00 
3.304374516e-01 
1.161399841e+00 
3.169063712e-04 
6.355359405e-02 
1.988367885e-01 
2.491150424e-02 
1.340035796e-01 
6.581665277e-01 
1.617319733e-01 
5.833087862e-02 
1.120778918e-01 
7.547961235e+00 
1.886328496e-02 
9.769762754e-01 
4.435469583e-02 
5.710029602e-01 
3.742657974e-02 
3.508400619e-01 
4.025258124e-02 
2.574056387e-02 
4.574766383e-02 
7.100614905e-02 
1.761665642e-01 
2.598566413e-01 
5.909338966e-02 
2.071823739e-02 
6.879195571e-02 
1.013099700e-01 
3.957234323e-02 
3.994445205e-01 
4.128759205e-01 
2.384378575e-02 
1.338728368e-01 
9.066353738e-02 
5.557770729e-01 
3.298912570e-02 
5.155340672e+00 
1.894460559e+00 
5.817550421e-02 
6.920121959e-04 
1.339419961e+00 
1.646883965e+01 
7.274235785e-02 
1.623768806e-01 
3.272226751e-01 
3.257897124e-02 
2.344790250e-01 
9.910916328e+00 
9.519676678e-03 
2.500222325e-01 
1.713086814e-01 
2.584255934e+00 
3.668716177e-02 
7.263978571e-02 
1.129423827e-01 
1.224075211e-03 
5.053528026e-02 
9.890540689e-02 
2.084272727e-02 
6.549772620e-02 
2.292153984e-02 
1.326097012e+00 
6.617236137e-02 
1.040271018e-02 
1.579182297e-01 
3.988856077e-01 
1.040339351e+00 
1.681567574e+01 
9.584180713e-01 
5.379520416e+00 
6.948101521e-02 
1.411026955e+00 
1.724218600e-04 
3.169217333e-02 
9.015730768e-02 
3.684778139e-02 
1.046556234e+00 
4.782384261e-02 
3.207307309e-03 
2.527565658e-01 
1.356268767e-04 
1.080567381e-04 
1.783057213e+00 
2.323548496e-01 
5.112729222e-02 
4.092040472e-04 
5.085719585e+00 
2.895539403e-01 
8.107403666e-02 
1.140849963e-01 
3.531485558e+00 
8.487152457e-01 
1.923076063e-02 
2.349612117e-01 
5.897631496e-02 
8.061593175e-01 
3.878248855e-02 
6.262294948e-02 
7.030600682e-03 
1.334921837e+00 
7.156103675e-05 
4.025498331e-01 
5.614284515e+00 
1.129424691e+00 
6.587029099e-01 
4.888355255e+00 
1.215305448e+00 
1.239961945e-02 
3.256003261e-01 
1.916935742e-01 
2.149096727e-01 
6.491230428e-02 
3.672125190e-02 
1.199823432e-02 
2.384375095e+00 
8.042807579e+00 
9.799811840e-01 
1.494133659e-02 
8.960297331e-03 
2.971923538e-02 
1.569952816e-02 
8.058590814e-03 
1.672244310e+00 
3.764381690e-04 
1.387496130e-03 
1.167040900e-04 
2.983332053e-02 
2.064708769e-01 
4.343672842e-02 
2.954677343e-01 
8.618432283e-01 
4.583796859e-02 
4.971664399e-02 
1.210520267e-01 
3.577547148e-02 
1.942476928e-01 
9.706573561e-03 
5.233221874e-02 
1.972073078e+00 
1.457399130e-01 
2.556379437e-01 
9.981933236e-01 
8.061900153e-04 
1.088343342e-04 
7.101772726e-02 
8.967100829e-02 
2.113370895e-01 
1.000561267e-01 
1.417631805e-01 
1.803103089e-01 
1.363669634e-01 
3.368950188e-01 
2.481299080e-02 
1.176210702e-03 
1.402042340e-03 
2.016111277e-02 
7.240026753e-05 
3.465213060e+00 
1.170425564e-01 
9.422296286e-01 
2.646248341e+00 
1.755484007e-02 
1.769748330e-02 
3.450288773e-01 
3.488341868e-01 
1.535771589e-04 
5.636697635e-03 
2.814555466e-01 
1.651740447e-02 
8.555325866e-02 
1.279880106e-02 
1.012457162e-01 
1.771143675e-01 
1.237096381e-03 
1.505027533e+00 
8.164802194e-02 
1.123726010e+00 
3.407803178e-01 
8.020714521e-01 
1.824288368e+00 
7.945707766e-04 
9.448775381e-05 
2.123287811e+02 
3.565823135e-04 
2.230489254e-01 
5.713770539e-02 
3.297005221e-02 
7.377744317e-01 
4.706855118e-01 
9.086241722e+00 
8.758615851e-01 
4.559412003e-01 
6.498569846e-01 
2.187706977e-01 
1.998438358e+00 
7.796964928e-05 
3.299606740e-01 
1.439242810e-01 
5.929211038e-04 
2.270679951e+00 
4.586687684e-01 
3.666335642e-01 
2.376860753e-02 
2.188524604e-01 
1.671358645e-01 
1.033494435e-02 
1.354714036e-01 
4.024722800e-02 
1.093325317e-01 
1.712861955e-01 
3.411369864e-03 
3.669153154e-02 
2.696569450e-02 
1.845270097e-01 
4.862141311e-01 
6.685703248e-02 
1.285831571e+00 
2.324554175e-01 
2.756252587e-01 
9.524715279e-05 
1.523859054e-01 
6.372326612e-02 
1.200364828e+00 
1.545340061e+00 
4.045411050e-01 
2.586210705e-02 
3.733580410e-01 
1.593030167e+01 
4.804431915e+00 
9.945911006e-05 
4.461035877e-02 
3.963832378e+00 
1.926844358e+00 
3.770172969e-02 
3.356944621e-01 
7.661434211e-05 
1.198634431e-01 
2.270054445e-02 
3.597742915e-01 
1.363452673e-01 
3.356909156e-01 
2.148128673e-02 
1.416976843e-02 
5.454986572e+00 
1.340004522e-02 
8.026576787e-02 
7.491784096e-01 
1.511634793e-02 
6.912255287e-02 
5.771514028e-02 
8.064014912e-01 
3.584013879e-02 
1.017138362e-01 
1.808775216e-01 
6.942709684e-01 
6.417727470e-02 
9.005318861e-05 
5.271179602e-02 
9.940926433e-01 
1.356768370e+00 
1.073312521e+00 
1.594615132e-01 
1.454221964e+00 
1.344967961e+00 
1.537495991e-04 
1.052189708e+00 
3.449731739e-03 
3.824695945e-02 
1.044358164e-01 
6.977570057e-01 
9.918940812e-02 
4.472895861e-01 
7.803616673e-02 
6.495732069e-02 
1.457984000e-01 
4.745874405e-01 
9.381522238e-02 
1.014019176e-01 
2.814689942e-04 
6.409361959e-02 
1.699238569e-01 
3.981148766e-04 
2.998752356e+00 
1.119628191e+00 
3.307743073e+00 
3.598863482e-01 
3.329289436e+00 
2.652665973e-02 
1.480250247e-02 
3.756909847e+00 
2.478482723e+00 
2.663761902e+01 
2.035344805e-04 
3.288347125e-01 
1.314032124e-04 
4.895360908e-04 
1.308289528e+00 
1.183318719e-02 
9.295904601e-05 
2.213024199e-01 
3.308891319e-04 
1.962797530e-02 
1.174845815e+00 
1.877412647e-01 
1.514997520e-02 
1.211304665e+00 
4.225967884e+00 
5.344898626e-02 
9.784019470e+00 
8.491387125e-04 
5.204859376e-02 
9.531372786e-01 
1.830753498e-02 
2.969830111e-02 
8.078274727e+00 
1.200044751e-01 
6.171809435e-01 
1.544938803e+00 
8.774937391e-01 
9.630137682e-01 
2.242655516e+00 
8.483390411e-05 
6.170397401e-01 
1.807203293e-01 
1.283455044e-01 
8.386070281e-02 
1.745852083e-02 
8.902132511e-01 
1.179323554e+00 
4.559900984e-02 
4.875282943e-01 
4.195558280e-02 
2.674917877e-01 
1.035904408e+00 
4.253833294e-01 
1.326522231e-01 
5.167322606e-02 
6.354855141e-04 
8.767578751e-02 
6.803343445e-02 
1.135311604e+00 
1.579649299e-01 
1.567208052e+00 
2.508895239e-03 
6.894173026e-01 
2.446553230e+00 
1.717412621e-01 
9.296445549e-02 
1.005390361e-01 
4.332817346e-02 
1.725709796e+00 
4.076782498e-04 
2.571973891e-04 
2.631037310e-02 
3.492577374e-02 
5.156527460e-02 
2.306023613e-02 
4.244294390e-02 
3.118870239e+02 
5.514470339e-01 
1.296016872e-01 
3.125773510e-04 
1.382580958e-02 
5.919232368e-01 
1.422788799e-01 
4.646915495e-01 
2.836682089e-02 
1.241670107e-03 
6.178633496e-02 
3.581694961e-01 
1.935160981e-04 
3.113732934e-01 
2.616250217e-01 
7.557899505e-02 
1.319978237e-01 
2.693400532e-02 
1.429124355e+01 
2.117147204e-03 
9.316846728e-01 
4.131923988e-02 
2.351309955e-01 
1.333202571e-01 
4.401859939e-01 
6.646702241e-05 
5.653800964e-01 
2.387078400e+02 
1.610352325e+01 
1.609204523e-02 
4.706025124e-01 
1.281692237e-01 
3.161984310e-02 
2.897324085e+00 
1.443901658e-02 
7.370896637e-02 
8.362398148e-01 
5.275551230e-02 
1.129981399e+00 
1.437749565e-01 
7.542069256e-02 
3.246459961e-01 
4.645742849e-02 
3.886089101e-02 
3.179975972e-02 
2.083453685e-01 
2.052942663e-01 
2.377551282e-04 
3.979932368e-01 
3.753683865e-01 
3.544005454e-01 
8.708775043e-01 
4.497486115e+00 
4.596806690e-02 
3.211964607e+00 
3.368572146e-02 
9.536394849e-03 
3.899298608e-02 
1.186360598e+00 
2.947975183e-03 
5.290465951e-01 
1.214224339e+00 
8.009916544e-01 
1.601371728e-02 
5.713860989e-01 
1.006552726e-01 
1.668385975e-02 
1.527631376e-02 
2.668368688e-04 
1.227603853e-01 
2.060650475e-02 
2.025789954e-02 
3.733520582e-02 
3.107838035e-01 
1.341359913e-01 
8.462945372e-02 
1.869517000e-04 
7.256446779e-02 
2.645576286e+01 
2.032960579e-02 
9.261040017e-03 
9.502149187e-03 
3.337375075e-02 
3.252859227e-03 
2.658774331e-02 
7.204551995e-02 
8.398123831e-02 
1.695736498e-01 
2.617598176e-01 
1.241936116e-03 
2.315197513e-02 
1.156472974e-02 
4.249895364e-02 
2.766142227e-02 
1.721451759e+01 
5.433906317e-01 
7.206497192e+00 
4.556948543e-01 
1.359034479e-01 
2.250525206e-01 
3.509752080e-02 
7.639579475e-02 
2.792924177e-03 
4.765478671e-01 
7.373118569e-05 
1.545271575e-01 
2.127406932e-02 
3.838086559e-04 
6.021000817e-02 
1.349642844e-04 
7.975023985e-01 
2.593333244e+00 
3.477829043e-03 
2.419225723e-01 
3.806226701e-02 
1.749747619e-02 
3.425396085e-01 
2.921870649e-01 
9.727325290e-02 
3.490009308e-01 
5.965577364e-01 
2.321675777e+00 
3.938553929e-01 
1.052935794e-01 
1.386351585e+00 
2.020860789e-03 
8.510146141e-01 
8.522206545e-02 
2.466316801e-04 
4.159252718e-02 
1.152128819e-02 
7.253203392e-01 
4.260312021e-02 
3.088044882e+00 
1.203848645e-01 
1.215215251e-01 
4.529306293e-02 
1.420054436e+00 
1.781244949e-02 
3.198189926e+01 
2.823167443e-01 
4.422394559e-02 
5.147507477e+01 
4.187921807e-02 
5.519300699e-02 
9.291633219e-02 
8.614297985e-05 
1.074988022e-02 
5.964824185e-02 
1.085532058e-04 
1.009190559e+00 
6.151800156e-01 
3.440136090e-03 
4.164701328e-03 
2.976035886e-02 
6.260102615e-03 
7.206292939e-04 
1.751043275e-02 
7.392919660e-01 
1.487405777e+01 
2.346789837e+00 
3.443419635e-01 
5.295184627e-02 
3.922372311e-02 
3.306410089e-02 
1.272809744e+00 
5.539773405e-02 
3.977945447e-02 
6.225146651e-01 
2.684735134e-02 
8.302668929e-01 
7.885557413e-01 
1.781356172e-03 
4.837390035e-02 
2.229439467e-01 
2.241483629e-01 
3.635706902e+00 
2.066033483e-01 
4.446899518e-02 
1.788590550e-01 
8.533825725e-02 
3.293625712e-01 
6.218914986e-01 
3.631155193e-02 
1.376736723e-02 
2.800437249e-02 
3.805222735e-02 
2.359702438e-02 
2.810947597e-01 
7.167796046e-02 
3.615468740e-01 
1.068936706e+00 
6.092225388e-02 
1.334669189e+02 
1.234804839e-01 
1.469940990e-01 
1.013918996e+00 
1.028675795e+00 
3.728486481e-04 
9.609190375e-02 
4.450317025e-01 
3.621157631e-02 
2.816596270e+00 
2.204211056e-01 
1.657564640e-01 
6.971308903e-05 
1.704817079e-02 
3.771844506e-02 
7.659642724e-04 
9.433797598e-01 
2.075087577e-01 
3.576158583e-01 
1.348976374e+00 
4.207695961e+00 
5.303434283e-02 
6.145771476e-04 
2.139265537e+00 
1.809640676e-01 
7.052588626e-05 
1.889637232e+00 
3.080299124e-02 
2.270186096e-01 
3.187378883e+00 
2.315210551e-01 
1.299079321e-02 
7.181332912e-04 
2.522012889e-01 
9.790256023e-01 
1.138971202e-04 
2.111623287e-01 
2.771675063e-04 
1.104126498e-02 
9.300328791e-02 
3.223611116e-01 
8.576411055e-04 
3.149545565e-02 
1.211506605e+00 
1.673173538e-04 
1.166614071e-01 
2.728578568e+00 
2.173816919e+00 
2.751873247e-02 
4.825873971e-01 
1.272464916e-02 
1.008850013e-04 
3.458514437e-02 
1.377324946e-02 
1.304786373e-02 
2.866478637e-02 
1.716552079e-01 
4.423091933e-02 
3.730682135e-01 
4.060804471e-02 
5.314729363e-02 
2.986869514e-01 
2.701759897e-02 
2.250497788e-01 
8.946016431e-02 
8.047725558e-01 
7.044210434e+00 
1.624349825e-04 
3.847777843e-02 
1.418956816e-01 
2.168822661e-02 
1.302649081e-01 
2.978526592e+00 
5.451946054e-04 
2.344756946e-02 
3.909439256e-04 
1.431537390e+00 
1.708642230e-04 
7.286516428e-01 
2.588618663e-04 
8.312033415e-01 
1.904839091e-02 
1.497837454e-01 
4.113981128e-01 
1.451377988e+00 
1.740289032e-01 
1.545875147e-02 
1.356163323e-01 
7.831736654e-02 
6.548314667e+01 
1.165879003e-04 
1.410533339e-01 
2.132550955e+00 
3.315921426e-01 
1.845277697e-01 
1.223539039e-01 
1.234907031e+00 
8.401370049e-02 
3.132099286e-02 
2.759264708e-01 
1.349527550e+01 
6.897307187e-02 
1.509906165e-02 
2.669920027e-02 
1.460169326e-03 
2.728180885e-01 
4.467363358e-01 
1.016617287e-03 
8.858560324e-01 
2.511897683e-01 
2.489481494e-02 
7.343044877e-02 
2.491220951e+00 
1.676310450e-01 
1.038763970e-01 
1.162246168e-01 
1.718593985e-01 
8.310607672e-01 
2.227521688e-02 
1.440923214e-01 
3.520753817e-04 
6.640019417e+00 
2.179965079e-01 
1.367007345e-01 
1.518029976e+01 
3.962124884e-02 
2.172104083e-02 
4.139234424e-01 
4.330364987e-02 
8.865317106e-01 
1.683930755e+00 
1.401174522e-04 
5.117944628e-02 
8.695277385e-03 
7.294935584e-01 
1.248337388e+00 
1.767438650e-02 
3.101778924e-01 
2.318448782e+00 
6.461133808e-02 
2.237682976e-02 
1.320877314e+00 
3.613184392e-02 
1.289108116e-02 
6.426918507e-01 
1.192406658e-02 
3.412077427e-01 
1.139974520e-01 
1.141902831e-04 
3.504209162e-04 
6.563428044e-01 
2.529013872e+00 
5.796670914e-02 
8.549969643e-02 
1.053575985e-02 
3.799423873e-01 
1.944342554e-01 
4.053843021e-02 
1.019289613e+00 
3.137105703e-02 
2.561133355e-02 
1.011206657e-01 
7.424233556e-01 
9.193037450e-02 
1.308386922e+00 
5.073875189e-01 
2.093697526e-02 
3.120006248e-02 
1.626426727e-02 
9.418172389e-02 
8.225255442e-05 
2.335901022e+00 
7.011613846e-01 
2.663099170e-01 
1.349380314e-01 
4.987369850e-02 
4.869982302e-01 
6.646705866e-01 
4.709533602e-02 
4.000631720e-02 
2.158224024e-02 
6.609398872e-02 
2.189962834e-04 
3.656374931e+00 
4.993589967e-02 
8.989682049e-02 
4.610395059e-02 
2.467225422e-04 
1.456746540e-04 
3.976440430e-02 
