2.093191870e-04 
3.989184042e-04 
1.369669480e-04 
2.199693699e-04 
6.209596904e-05 
1.688165125e-03 
6.663221284e-04 
1.986924326e-04 
3.331742482e-04 
5.972413928e-04 
1.148471027e-03 
3.906991915e-04 
1.637264213e-04 
1.170973410e-04 
8.727056556e-04 
3.558967263e-03 
8.593193488e-04 
1.480949286e-04 
3.067410144e-04 
2.561541041e-04 
8.939918189e-05 
4.208265163e-04 
7.079599891e-03 
3.052711545e-04 
1.501035877e-04 
3.324381541e-04 
1.857146854e-04 
9.980351751e-05 
1.317232475e-02 
4.372005060e-04 
9.637226322e-05 
3.789136535e-04 
2.658911794e-02 
9.047092171e-04 
5.066815065e-04 
3.516065190e-04 
6.451515015e-03 
1.834162744e-03 
1.455529709e-04 
2.935951925e-04 
4.186839797e-03 
1.222114079e-04 
1.895759720e-03 
5.744673035e-05 
2.733524598e-04 
2.487807360e-04 
7.740321453e-04 
1.957857457e-04 
3.229829599e-04 
7.849263784e-05 
1.989241573e-04 
9.831204079e-05 
1.246410981e-02 
7.089922437e-04 
2.399242716e-03 
7.454507984e-03 
2.147263585e-04 
2.883191628e-04 
1.969204022e-04 
1.812479226e-03 
3.921492025e-03 
4.031763820e-04 
1.231238362e-03 
1.060335198e-04 
8.863002062e-03 
6.212804001e-04 
5.674527492e-04 
5.501998588e-02 
3.443394671e-04 
7.888468826e-05 
5.001192330e-04 
3.257643548e-04 
3.457572020e-04 
1.877799805e-04 
1.242609433e-04 
1.035479800e-04 
2.559029381e-04 
1.935650944e-04 
2.671899740e-03 
4.116839264e-04 
4.907182883e-04 
3.364564618e-04 
1.853605270e+00 
1.169165014e-03 
4.942228552e-04 
1.074519460e-04 
1.033778317e-04 
1.874006994e-04 
2.555322833e-03 
7.080382202e-04 
2.029218886e-04 
1.443565270e-04 
3.004628699e-03 
2.275097795e-04 
4.595898790e-04 
2.323518507e-03 
7.630335749e-04 
1.129712677e-03 
1.128077711e-04 
1.732157689e-04 
5.021038232e-04 
1.274448819e-03 
8.598421118e-05 
1.411349862e-03 
1.378062734e-04 
6.303658010e-04 
3.610471904e-04 
3.754613223e-03 
1.279106829e-03 
1.880717173e-04 
2.076516685e-04 
2.639875165e-04 
1.673705556e-04 
7.039832417e-05 
1.897703274e-03 
5.405839998e-03 
1.281956770e-02 
1.698840351e-04 
1.226065797e-04 
5.663107149e-04 
4.301292938e-04 
2.568197669e-04 
2.366214612e-04 
1.496122568e-04 
1.666285563e-03 
1.750203408e-02 
2.912742784e-04 
5.928042228e-04 
2.852638951e-03 
9.162420756e-04 
8.335504099e-04 
8.835357585e-05 
1.724185713e-04 
6.095645949e-04 
3.483675653e-03 
4.327653907e-03 
3.547319793e-04 
7.180898101e-04 
5.340049975e-04 
1.060293216e-04 
9.667406994e-05 
4.369839444e-04 
1.538776705e-04 
2.368573041e-04 
9.819257539e-04 
2.506549645e-04 
7.831644034e-04 
2.095709555e-03 
1.634139917e-04 
4.920651205e-03 
4.872032732e-04 
8.982539293e-04 
8.670472744e-05 
1.432647405e-04 
2.390839800e-04 
1.604664605e-03 
6.388080510e-05 
3.401839640e-04 
2.257926390e-04 
1.370767277e-04 
8.615917759e-04 
3.380785929e-04 
1.494479598e-03 
6.077168044e-03 
4.268917721e-03 
3.760069609e-02 
2.231973689e-03 
5.169205833e-04 
2.280919580e-03 
5.220823921e-03 
1.518534846e-03 
6.018291606e-05 
3.602015553e-03 
3.882711753e-03 
1.660030102e-04 
1.730312244e-03 
7.971588639e-05 
1.398553140e-04 
1.331027597e-04 
1.266189502e-04 
2.018486848e-03 
6.958094309e-04 
4.247585777e-03 
6.122147315e-04 
4.425432533e-02 
2.327144175e-04 
3.890558146e-03 
8.509580512e-04 
1.242862490e-04 
7.658028044e-04 
1.876470342e-04 
1.185449582e-04 
4.038951593e-04 
5.727922544e-03 
7.491148077e-03 
7.220851840e-04 
1.226412278e-04 
3.626964171e-04 
7.885116793e-05 
5.488043535e-04 
1.624581637e-04 
8.604796021e-04 
1.055735556e-04 
8.814104513e-05 
7.830007235e-05 
2.812681487e-04 
1.394050196e-04 
1.743794855e-04 
9.896596021e-05 
7.694861415e-05 
5.819721264e-04 
3.029676154e-04 
4.526505945e-04 
2.655057178e-04 
1.186632944e-04 
3.125537653e-03 
1.280600876e-01 
1.865205122e-04 
1.779597806e-04 
2.985583560e-04 
3.170379496e-04 
2.507877361e-04 
2.369259601e-04 
1.240872807e-04 
2.627588809e-03 
5.645580677e-05 
7.573269249e-05 
8.668592782e-04 
1.544889383e-04 
2.628474236e-01 
2.911259653e-04 
5.517874379e-04 
1.021015923e-03 
9.812152712e-04 
3.301915247e-03 
3.618603805e-03 
3.377154353e-04 
5.312087596e-04 
2.459685318e-03 
8.295237087e-03 
5.077545065e-04 
1.356079301e-04 
1.957207220e-03 
1.173197161e-04 
7.744805043e-05 
4.398494959e-02 
7.730622310e-03 
6.005226169e-03 
3.774795332e-04 
6.084442139e-04 
1.354748238e-04 
1.521103113e-04 
1.529609435e-04 
2.080242411e-04 
2.744031081e-04 
1.312461682e-04 
1.077060515e-04 
3.268381406e-04 
1.070468425e-04 
6.921247405e-05 
1.885047095e-04 
3.972304403e-04 
9.617565665e-04 
1.303485245e-03 
3.274258052e-04 
1.374563435e-04 
2.702769125e-04 
8.187863277e-04 
2.423740079e-04 
2.125181636e-04 
5.469612079e-04 
2.343580709e-04 
1.885350677e-03 
1.462186046e-04 
1.568907755e-03 
1.004565158e-03 
2.480574476e-04 
4.610785691e-04 
7.513816236e-04 
1.177757149e-04 
8.166555926e-05 
7.749285083e-03 
7.549151778e-04 
7.496604230e-04 
4.214285000e-04 
6.149546971e-05 
1.841185149e-04 
4.435051233e-04 
3.394291503e-03 
4.753800167e-04 
8.853504551e-04 
9.453402163e-05 
1.648226171e-04 
7.443386712e-04 
8.676960715e-05 
2.142436279e-04 
2.098340774e-03 
6.504034391e-04 
3.253361210e-04 
8.938782266e-04 
2.399196819e-04 
3.977198005e-01 
2.091066708e-04 
1.832303591e-03 
4.550270387e-04 
1.358642941e-03 
7.542272942e-05 
3.757247177e-04 
2.137293050e-04 
1.645270502e-03 
1.974104234e-04 
2.249271056e-04 
3.800290870e-04 
1.593454555e-02 
4.542338662e-03 
2.868165320e-04 
5.434619379e-04 
1.439049654e-02 
8.107980102e-05 
6.323212758e-03 
2.482483163e-03 
4.712003865e-04 
8.758926997e-04 
1.759060659e-02 
5.908412277e-04 
7.124085096e-04 
4.827373486e-04 
4.065202374e-04 
4.894862650e-04 
4.788688093e-04 
1.721513830e-02 
1.638675341e-03 
2.099861740e-04 
6.676516496e-04 
2.971255744e-04 
1.072605664e-04 
2.372725285e-04 
3.425649484e-04 
3.958676534e-04 
3.903332399e-04 
8.299360343e-05 
2.318096522e-04 
1.226117760e-01 
3.467363131e-04 
1.630446495e-04 
1.871752902e-04 
1.567331929e-04 
1.358514128e-04 
9.184053633e-04 
2.961868886e-04 
1.357736328e-04 
1.010934939e-03 
4.530801089e-04 
1.540130586e-03 
6.967879017e-05 
1.261460711e-04 
9.059934528e-04 
1.615897287e-03 
7.208663155e-04 
1.043571974e-04 
9.088935913e-04 
3.080877941e-04 
1.212636754e-02 
1.103154209e-04 
3.801891580e-03 
4.009862430e-03 
1.313435496e-04 
7.247353205e-04 
3.188278642e-04 
7.716845721e-05 
2.545368625e-04 
5.409487640e-04 
2.790720901e-04 
3.582686186e-04 
9.936186689e-05 
6.717638113e-03 
8.626183990e-05 
1.324198488e-02 
1.033583563e-02 
5.512436386e-03 
1.185263391e-03 
2.010775643e-04 
8.460244135e-05 
2.217091620e-03 
3.916017595e-04 
2.010708122e-04 
2.006307943e-03 
1.720657758e-02 
2.603361849e-03 
2.468429448e-04 
6.467665662e-05 
7.932564040e-05 
1.123251423e-04 
8.688165806e-03 
8.585954492e-05 
2.422488615e-04 
9.317949880e-04 
2.956966637e-04 
5.801505176e-04 
3.497755097e-04 
1.266947365e-04 
1.312355278e-03 
1.489087299e-04 
3.313784301e-02 
5.381697556e-04 
7.766990166e-05 
1.614332141e-04 
8.381965745e-05 
5.356763955e-03 
8.805708960e-03 
2.318107290e-04 
1.461248175e-04 
9.640675125e-05 
7.117865607e-04 
4.496873589e-04 
1.870398410e-04 
2.691138943e-04 
2.183278091e-03 
1.190416224e-04 
3.096552566e-03 
7.230988704e-04 
4.368627269e-04 
4.047510156e-04 
2.190153755e-04 
3.153021098e-04 
2.390666778e-04 
3.967324446e-04 
1.220729609e-04 
3.289675224e-04 
1.359853341e-04 
8.347292169e-05 
2.478498209e-04 
1.097195875e-02 
3.295250062e-04 
2.608052455e-04 
1.990751189e-04 
2.286458766e-04 
4.719585995e-04 
1.464528963e-02 
5.587952328e-04 
1.427340321e-04 
7.594396593e-04 
4.270141071e-04 
4.703182261e-03 
7.729554636e-05 
5.242254958e-02 
1.153911435e-04 
9.944958583e-05 
1.723366586e-04 
4.207862366e-04 
3.375180764e-03 
1.040251227e-04 
4.707193002e-04 
8.966772293e-05 
1.110966477e-04 
1.208942384e-03 
3.582001664e-04 
8.320846973e-05 
1.206407440e-03 
8.393376484e-04 
7.732039667e-04 
1.165440553e-04 
4.563415714e-04 
2.507429745e-04 
1.150889802e-04 
1.957055414e-03 
3.245240077e-04 
2.803514246e-03 
6.841575960e-04 
3.116705338e-04 
4.242947325e-04 
2.051361516e-04 
1.663036819e-04 
8.331039135e-05 
6.139289588e-02 
8.437853830e-05 
2.767238766e-04 
7.702365838e-05 
3.589262255e-03 
1.630964689e-04 
6.239233539e-02 
4.239613772e-04 
7.241281564e-04 
1.376004511e-04 
6.982391933e-04 
3.970213584e-04 
2.423643891e-04 
2.306545648e-04 
9.580680489e-05 
1.026454484e-04 
3.777581966e-03 
3.117400338e-04 
2.166355116e-04 
2.748844854e-04 
1.517807104e-04 
3.249557340e-04 
3.073545231e-04 
4.571549362e-04 
1.359975780e-03 
1.823104103e-04 
4.497867078e-03 
2.491019550e-04 
3.572877904e-04 
2.297671454e-04 
1.489666029e-04 
1.045406971e-04 
7.416259032e-03 
5.544621944e-01 
3.960902104e-04 
1.370979735e-04 
5.828483845e-04 
2.168996143e-04 
1.255628158e-04 
2.129288478e-04 
3.013280220e-03 
4.368972441e-04 
6.506209320e-05 
1.389935060e-04 
6.928526273e-05 
2.177604038e-04 
2.037652157e-04 
9.784904250e-05 
3.645337129e-04 
7.815239223e-05 
1.514783944e-03 
1.244944579e-04 
3.439593129e-04 
1.643256471e-02 
1.742183813e-04 
3.016142582e-04 
2.781034680e-03 
7.353633991e-04 
5.320708733e-04 
1.850232035e-01 
1.074107271e-02 
7.746185176e-03 
5.648785154e-04 
3.782681015e-04 
1.357613510e-04 
8.930220065e-05 
5.873166956e-04 
5.107219913e-04 
7.490308490e-04 
4.970219452e-04 
1.155277947e-03 
6.190917920e-04 
1.569419692e-04 
1.283043763e-03 
2.341659711e-04 
1.991001336e-04 
2.529263729e-04 
6.566874799e-04 
2.354932018e-03 
3.822820145e-04 
2.516493259e-04 
8.107182657e-05 
1.165980194e-02 
1.836976589e-04 
1.529011060e-04 
4.276760737e-04 
4.252189829e-04 
7.353448891e-04 
5.288262619e-04 
1.105886069e-03 
1.361959148e-04 
1.832666807e-02 
9.985646466e-05 
1.523625542e-04 
1.190684852e-04 
7.372828986e-05 
8.444229024e-04 
9.135494009e-03 
2.012119949e-04 
6.376035744e-04 
4.031550779e-04 
6.941350177e-03 
1.512042945e-04 
1.623589924e-04 
8.903994458e-04 
5.634007975e-03 
1.521486556e-04 
2.184364275e-04 
1.506679133e-02 
2.019724634e-04 
4.424061335e-04 
1.155869832e-04 
2.343690139e-04 
1.269126660e-04 
6.681359955e-04 
2.221082803e-03 
9.404630691e-05 
1.434751030e-04 
4.320935986e-04 
8.407577843e-05 
1.357645378e-04 
2.874571946e-04 
2.638946101e-02 
1.846030646e-04 
5.251116818e-04 
2.084488660e-04 
8.542971686e-03 
3.097502340e-04 
6.401295541e-04 
1.243556762e-04 
2.300567366e-02 
9.298473597e-04 
1.050710416e-04 
5.023434060e-04 
4.895492923e-03 
7.744481787e-03 
3.124561626e-04 
1.124384435e-04 
3.051884414e-04 
4.076542391e-04 
1.702014357e-03 
4.449576663e-04 
8.857634384e-05 
4.740720906e-04 
6.707740831e-04 
1.662333671e-04 
1.296816627e-04 
1.157309394e-03 
3.813437943e-04 
3.669772414e-04 
4.605723917e-02 
1.683378505e-04 
5.127415643e-04 
6.679251965e-05 
2.216399589e-04 
1.301558688e-03 
5.558139528e-04 
2.805166319e-02 
3.131415579e-04 
3.195880272e-04 
3.822639992e-04 
2.180068841e-04 
1.887339167e-04 
4.748434003e-04 
1.707868092e-02 
3.598934563e-04 
4.656703386e-04 
1.064177603e-02 
1.768577931e-04 
4.279576242e-04 
7.672783919e-03 
3.433214151e-04 
5.182722816e-04 
3.632886510e-04 
1.905604498e-03 
7.390280371e-05 
8.581679140e-05 
1.615706715e-04 
1.003399957e-04 
7.944259414e-05 
2.176989074e-04 
5.518967751e-03 
1.470716437e-03 
3.586133535e-04 
1.090541555e-04 
3.407144686e-04 
7.910050917e-04 
3.533620329e-04 
2.673536947e-04 
5.161294248e-04 
2.745419508e-03 
3.997576423e-04 
7.575809723e-04 
1.321730670e-04 
9.685025434e-04 
5.450122058e-03 
6.016510888e-04 
1.417793246e-04 
1.924317039e-04 
4.512046871e-04 
2.937889076e-04 
7.114102482e-04 
1.102395327e-04 
1.279324526e-03 
2.486676676e-04 
1.968555152e-04 
2.965905587e-04 
5.416150088e-04 
7.948233979e-04 
1.965745614e-04 
1.831015397e-04 
2.726732346e-04 
5.643762997e-04 
8.725897351e-05 
1.101185480e-04 
2.071448544e-04 
7.522731175e-05 
1.868409163e-04 
1.472906559e-03 
3.068358346e-04 
6.471632514e-04 
3.020870208e-04 
1.556370873e-03 
1.250561036e-04 
2.817981876e-03 
6.532433908e-04 
5.068873288e-04 
1.221007318e-03 
3.460687585e-04 
1.994431805e-04 
3.875364782e-04 
7.139246009e-05 
3.114488907e-03 
2.017440129e-04 
7.179770037e-04 
1.051492436e-04 
4.330482334e-04 
1.599865849e-03 
2.243030176e-04 
1.374070707e-04 
8.258262096e-05 
6.481979042e-03 
2.551441139e-04 
7.132879109e-04 
8.755029179e-03 
1.427983225e-04 
4.059347883e-02 
1.081914597e-04 
6.813702057e-04 
2.696506213e-03 
8.733682625e-05 
9.278026118e-05 
1.118725399e-03 
1.072319792e-04 
7.768273354e-04 
7.167747390e-05 
7.234043442e-04 
5.766469985e-05 
3.984528594e-04 
7.962951204e-04 
6.910640514e-04 
6.377486046e-03 
8.114981028e-05 
3.679403782e+00 
6.174515001e-04 
2.687023079e-04 
1.914768713e-03 
2.356267651e-04 
4.619876272e-04 
1.596480142e-04 
1.338061644e-03 
3.106328950e-04 
2.451268956e-04 
3.476567101e-03 
6.571837584e-04 
1.240328565e-04 
1.131291501e-03 
6.092772819e-04 
1.302444725e-04 
2.033741621e-04 
2.576472238e-03 
4.178963136e-04 
1.000351971e-03 
4.037519393e-04 
7.769436343e-05 
5.277710734e-04 
1.062512529e-04 
9.494912229e-05 
6.513797562e-04 
1.794847049e-04 
5.218579317e-04 
9.239436127e-03 
1.442406792e-04 
4.851211328e-03 
6.341850531e-05 
1.980363013e-04 
7.962544623e-05 
2.682255581e-04 
3.011082998e-03 
1.227103639e-04 
9.321131743e-03 
4.292117374e-04 
2.334313933e-03 
2.168932260e-04 
2.972091315e-04 
3.610447166e-04 
4.793117405e-04 
1.551046007e-04 
4.100025399e-04 
1.436945633e-03 
5.515792291e-04 
6.974163989e-05 
1.997444924e-04 
7.181287947e-05 
2.540873736e-02 
1.451456570e-03 
6.190387066e-04 
5.931702326e-04 
1.165187859e-04 
7.685801829e-04 
1.095255720e-03 
1.504982502e-04 
9.112637781e-05 
6.885112089e-05 
4.125990963e-04 
7.519220933e-03 
6.914896221e-05 
2.247193188e-04 
1.782153995e-04 
6.946278882e-05 
8.114052471e-04 
3.760367108e-04 
5.201360327e-04 
1.957895292e-04 
2.540139249e-04 
2.893107710e-03 
1.232786599e-04 
2.965661115e-04 
1.844904386e-03 
4.472950823e-04 
2.084695734e-04 
5.772382137e-04 
2.814693842e-03 
5.752506549e-04 
8.040211396e-04 
6.345983711e-04 
9.560862236e-05 
1.758169965e-04 
4.806344805e-04 
5.844814004e-04 
5.409987061e-04 
2.105695748e-04 
6.854266394e-04 
6.216072361e-04 
1.281593577e-04 
1.787518268e-03 
7.294995885e-05 
5.965172895e-04 
2.133717790e-04 
1.048068888e-02 
8.077568491e-04 
2.779219998e-03 
5.328459083e-04 
1.286811021e-04 
1.627497259e-04 
1.748622599e-04 
3.136447445e-02 
2.926029265e-04 
2.199381124e-04 
6.193490844e-05 
2.108721092e-04 
1.298587653e-03 
3.181751817e-04 
2.213451226e-04 
7.096450776e-02 
6.201243959e-04 
4.309147596e-03 
1.358619775e-04 
1.584382699e-04 
2.153019421e-03 
1.084073260e-01 
3.301150573e-04 
2.523747098e-04 
5.983619485e-04 
3.582602367e-03 
1.068654587e-03 
9.068733198e-05 
1.106673444e-04 
1.034960587e-04 
2.918617101e-04 
9.414757369e-05 
3.020345466e-04 
3.426701878e-04 
3.829886555e-04 
2.412751055e-04 
7.776112179e-04 
1.976145868e-04 
1.720308443e-03 
8.209260413e-04 
1.340521703e-04 
6.290694582e-04 
6.989861868e-05 
8.424082625e-05 
7.104504621e-04 
4.005506635e-04 
5.094406661e-04 
5.996008986e-04 
1.627394522e-04 
4.066653200e-04 
5.702107446e-04 
4.204693832e-04 
3.368520993e-04 
4.109091242e-04 
5.119069829e-04 
6.446052343e-03 
9.560009465e-03 
2.992795547e-03 
1.026825776e-04 
1.931077131e-04 
1.624370634e-04 
7.498569175e-05 
1.241896389e-04 
1.893756853e-04 
2.440673707e-04 
1.252699876e-04 
2.135212271e-04 
2.046008449e-04 
2.677592856e-04 
2.662876993e-02 
8.859037189e-05 
4.281017755e-04 
1.452365395e-04 
3.372047329e-03 
1.355264976e-04 
1.768159447e-03 
3.576673917e-04 
5.703537608e-04 
9.400937415e-05 
1.173671451e-03 
6.697807927e-03 
1.008842024e-03 
3.161645727e-04 
6.478580181e-04 
1.331098611e-04 
1.160858374e-04 
3.757220402e-04 
7.171829930e-05 
1.551646274e-04 
1.058200578e-04 
1.590855769e-03 
3.138759348e-04 
2.336054604e-04 
4.967715358e-04 
1.179420797e-04 
4.550064332e-04 
1.670123893e-04 
3.313217021e-04 
3.757132217e-03 
6.506919744e-04 
5.958625115e-04 
2.376574994e-04 
2.218795562e-04 
5.079181283e-04 
7.860212645e-05 
1.232403913e-03 
6.607217802e-05 
3.919161682e-04 
5.400501541e-04 
2.280330664e-04 
2.041265107e-04 
2.399187360e-04 
1.257186988e-03 
1.864955702e-04 
1.668077894e-04 
1.284519240e-04 
1.236467069e-04 
2.850270248e-04 
2.986048639e-04 
7.798299339e-05 
2.330377756e-04 
6.212722656e-05 
1.422387577e-04 
7.369862869e-04 
1.538225479e-04 
9.993174899e-05 
5.800769432e-04 
2.893091587e-04 
7.598190859e-05 
1.444705558e-04 
4.014854494e-04 
8.805564139e-04 
5.577217089e-04 
4.138660152e-04 
5.760095082e-04 
3.131799749e-04 
1.738217776e-03 
2.030011674e-04 
2.038937528e-04 
8.601431909e-05 
4.393213603e-04 
6.261022761e-03 
1.462331420e-04 
1.032129003e-04 
3.603490477e-04 
3.954573476e-04 
1.569472020e-03 
5.303078797e-04 
2.497805690e-04 
1.247783937e-02 
1.368084340e-04 
6.433918024e-04 
1.066369878e-04 
2.748802945e-04 
1.021339413e-04 
3.173519392e-03 
1.129412558e-04 
2.924068249e-04 
2.949416870e-03 
8.526750025e-04 
1.029379666e-03 
1.213736366e-03 
1.569173473e-04 
6.082762848e-04 
8.722374914e-04 
1.046818943e-04 
4.195808724e-04 
