0 1.85359530023592134e+00 1.37573304258985232e+01
1 3.67940460330571417e+00 1.45439489743067263e+01
2 3.13644991891416161e-02 1.45419379653715186e+01
3 7.09645987334378558e-02 1.45417385671081139e+01
4 1.10435310031453859e+00 1.41346547682734442e+01
5 3.59052691440025912e-02 1.45423956895574733e+01
6 8.60454072682487539e-03 1.45414209196976536e+01
7 5.29038080979772474e+00 1.45428816419809035e+01
8 1.43480183322348531e-02 1.45172533752846249e+01
9 2.65744130764197561e-01 1.45294865946492795e+01
10 2.00111998972125962e-02 1.45419734545126236e+01
11 3.04828907053652579e-02 1.45421913419761797e+01
12 8.94185493901050000e-05 1.42728841026409583e+01
13 1.84503492194140611e-02 1.45419716651862583e+01
14 2.09811721013389657e-01 1.45436181547968264e+01
15 1.77209572715014758e+01 1.45192049135397685e+01
16 1.45230887007671977e-01 1.45427500202038722e+01
17 3.09144509780548731e+02 1.44232191325406802e+01
18 2.80364648801298098e-02 1.45420203846089517e+01
19 1.01779176601599214e-02 1.45416233099022616e+01
20 3.87346300421853446e-02 1.45427473572374009e+01
21 1.71713247549197506e-01 1.44166518004968012e+01
22 1.43615859429705475e-04 1.44319791485831654e+01
23 2.57761888342196877e-01 1.45433136134340213e+01
24 2.52730273232856517e-02 1.45423053985669277e+01
25 4.77979533510117571e-01 1.43688348026999098e+01
26 3.47208646883451627e-02 1.45425557348700814e+01
27 6.41360709681812580e-01 1.43822091029576171e+01
28 2.05914082530196696e+00 1.44674156565889813e+01
29 3.14405945538497530e-02 1.45417260128096757e+01
30 3.64461373322874718e-02 1.45424849158276910e+01
31 5.31618029961520439e-02 1.44772524995879799e+01
32 1.99184193947907935e-02 1.45418918596103310e+01
33 3.56020502258362126e-01 1.45436813603167412e+01
34 2.41452876303550257e+00 1.31600468260426009e+01
35 4.34983941479770153e-01 1.43178418971312471e+01
36 1.25459286560569011e-01 1.44388390348528226e+01
37 5.36851572795469774e-04 1.44737537353645465e+01
38 5.61220384335706757e-01 1.43876812255624884e+01
39 1.99074040231974822e-02 1.45421654281571069e+01
40 2.17700107001840852e-04 1.41759380294327695e+01
41 2.59483231243411938e-01 1.44944029322268282e+01
42 7.01068610048619228e-02 1.44848823153481145e+01
43 1.75765815319770154e-02 1.45414679749732123e+01
44 4.28417836110262851e-01 1.45200622134680000e+01
45 2.93000946827093635e-02 1.45417601563240062e+01
46 5.93616053620711556e-02 1.45415538821090635e+01
47 7.96011473024752919e-02 1.45428175309407113e+01
48 1.84359559721945093e-01 1.44783302241329697e+01
49 8.75712117060037654e-02 1.44568324495782683e+01
50 1.58799690026887708e-01 1.44152882810333303e+01
51 2.47373850056808342e-01 1.44524648146240331e+01
52 1.84422190157812818e-03 1.44972321176931978e+01
53 2.02202437524677842e-01 1.44021985679716717e+01
54 2.31454050939044009e+00 1.36880052517885602e+01
55 3.30452399118328632e-01 1.44549378571938867e+01
56 1.16141299160535683e+00 1.45438620586671306e+01
57 3.16906101127408251e-04 1.38926367251075273e+01
58 6.35532650157379364e-02 1.45425262148652905e+01
59 1.98821914004767036e-01 1.44758859608578945e+01
60 2.49113265541798697e-02 1.45417638007638548e+01
61 1.34004248593157349e-01 1.45433164820402574e+01
62 6.58190412334304309e-01 1.45439687911679378e+01
63 1.61734199786715827e-01 1.45416747597058560e+01
64 5.83304542099053330e-02 1.44775732021389150e+01
65 1.12066669630429230e-01 1.44850332530450245e+01
66 7.54805231259702492e+00 1.39275054799358955e+01
67 1.88632258356191858e-02 1.45423979586201000e+01
68 9.76990110236728548e-01 1.43774913548105800e+01
69 4.43536168970129555e-02 1.45418537399007839e+01
70 5.70896675092478989e-01 1.44972825988121556e+01
71 3.74261251731123484e-02 1.45425757945907375e+01
72 3.50844427964190964e-01 1.45436503407848399e+01
73 4.02525156400744266e-02 1.45420493450018178e+01
74 2.57406487977299946e-02 1.45414672307285180e+01
75 4.57471576880612782e-02 1.45417589774393186e+01
76 7.10067018121714466e-02 1.45433036111920888e+01
77 1.76258930897785215e-01 1.45290097441376655e+01
78 2.59859000410577301e-01 1.45425751925876767e+01
79 5.90932380902582932e-02 1.45419611502914812e+01
80 2.07182751548258062e-02 1.45420391619384972e+01
81 6.87915811041468483e-02 1.44911649021431117e+01
82 1.01305844407414025e-01 1.44746412868548955e+01
83 3.95723717486831661e-02 1.45430123967410321e+01
84 3.99446315608468328e-01 1.45414539590306600e+01
85 4.12876546043523418e-01 1.45414884299185001e+01
86 2.38435976879237607e-02 1.45415775555367528e+01
87 1.33874652507510045e-01 1.44685845953575409e+01
88 9.06628014021748918e-02 1.45430431734510481e+01
89 5.55771206853207245e-01 1.42420269988702692e+01
90 3.29891734734170522e-02 1.45428760652185787e+01
91 5.15513556309499421e+00 1.43291559075310122e+01
92 1.89449492231649730e+00 1.43703271788475426e+01
93 5.81754839241160823e-02 1.45417948722261681e+01
94 6.92012232037624887e-04 1.44285314978640642e+01
95 1.33941360543951804e+00 1.45437109941096860e+01
96 1.64802464875042638e+01 1.45431025785706769e+01
97 7.27432964757926820e-02 1.44612256495945886e+01
98 1.62380462788593138e-01 1.44164867321848931e+01
99 3.27194736815675569e-01 1.44874234492161396e+01
100 3.25788073710206391e-02 1.45427329973319672e+01
101 2.34481822131007211e-01 1.43971362074016653e+01
102 9.91152213263919002e+00 1.38058092116219751e+01
103 9.51966774894208966e-03 1.45415774958079709e+01
104 2.50027072451988519e-01 1.45415502650384258e+01
105 1.71346162483601044e-01 1.45180928031460592e+01
106 2.58833936442759116e+00 1.45421601615204459e+01
107 3.66871717452067758e-02 1.45419645782339284e+01
108 7.26385710950233771e-02 1.45413708556642938e+01
109 1.12939668224044568e-01 1.44448880741983547e+01
110 1.22407288111667169e-03 1.45338369152155096e+01
111 5.05354587905685257e-02 1.45428247919448825e+01
112 9.89040463767974637e-02 1.44341051549572690e+01
113 2.08428228397831532e-02 1.45422043552868665e+01
114 6.54969876389119854e-02 1.45430124393990816e+01
115 2.29215491188067798e-02 1.45420422454630547e+01
116 1.32609937958219604e+00 1.45437571550689437e+01
117 6.61743272912312941e-02 1.45422897002479523e+01
118 1.04022627013049939e-02 1.45406397505626117e+01
119 1.57918012619994275e-01 1.45434337881668281e+01
120 3.98989538043135805e-01 1.45218630048500614e+01
121 1.04035782793000942e+00 1.43785588850090029e+01
122 1.68347143687382008e+01 1.43788726472193158e+01
123 9.58429704176832598e-01 1.45435048486513470e+01
124 5.37926095118816683e+00 1.43434322475422888e+01
125 6.94815624220318229e-02 1.45415819165475639e+01
126 1.41104188363171934e+00 1.45442023378291712e+01
127 1.72421887669303942e-04 1.44857723279220671e+01
128 3.16919677287246099e-02 1.45422865828360894e+01
129 9.01571514641691107e-02 1.45428224101224650e+01
130 3.68475861265660648e-02 1.45416232728860777e+01
131 1.04656405558991339e+00 1.42771418910539154e+01
132 4.78236467574421967e-02 1.45422363574429152e+01
133 3.20730144105702648e-03 1.45102702305907059e+01
134 2.52760300019662654e-01 1.43089863881793988e+01
135 1.35626697585275100e-04 1.43182560121185443e+01
136 1.08056580281733780e-04 1.43139700614308705e+01
137 1.78307072379812626e+00 1.25668546307006839e+01
138 2.32354589182273363e-01 1.45433774208428073e+01
139 5.11271049280826589e-02 1.45419288625408729e+01
140 4.09201216098660167e-04 1.45240714493190897e+01
141 5.08618299494887260e+00 1.43199173118385001e+01
142 2.89550447891496643e-01 1.43300090658366202e+01
143 8.10658079278794019e-02 1.45425740234126870e+01
144 1.14083910672959768e-01 1.45417639072174527e+01
145 3.53163838396766661e+00 1.34424905214152339e+01
146 8.48714601141431269e-01 1.43834186176615635e+01
147 1.92307910473836011e-02 1.45419202137627579e+01
148 2.34964896923400557e-01 1.44742145853327280e+01
149 5.89763125601328111e-02 1.45430445287253356e+01
150 8.06152828033957047e-01 1.42980852086815062e+01
151 3.87822628714326809e-02 1.45427691221909949e+01
152 6.26228722902482243e-02 1.45421078760746934e+01
153 7.03058386116386328e-03 1.45240690019392851e+01
154 1.33497487019075001e+00 1.42288577573624586e+01
155 7.15609994105457484e-05 1.42336564377213080e+01
156 4.02573741276529118e-01 1.45059554950826612e+01
157 5.61485258503398654e+00 1.41292265048870753e+01
158 1.12952557227671924e+00 1.45424795518363261e+01
159 6.58724789901162566e-01 1.42757830887890194e+01
160 4.88782302871396102e+00 1.44791686573842249e+01
161 1.21529072360763490e+00 1.45435740586120925e+01
162 1.23996765320803521e-02 1.45415190022814507e+01
163 3.25600404719777248e-01 1.43472251339063597e+01
164 1.91668554827234522e-01 1.45002916086964131e+01
165 2.14910220096876770e-01 1.45426633690814562e+01
166 6.49122535881926505e-02 1.45420859513622034e+01
167 3.67209130804825729e-02 1.44865557921723838e+01
168 1.19982227364082202e-02 1.45414378007044718e+01
169 2.38431024195780727e+00 1.45431409424404112e+01
170 8.04233780162488543e+00 1.45443290205106788e+01
171 9.79982540229824894e-01 1.45436629820888772e+01
172 1.49413245992914921e-02 1.45415300911711523e+01
173 8.96032247275368662e-03 1.45415228804629457e+01
174 2.97191736561428291e-02 1.45426223717684113e+01
175 1.56995506614671931e-02 1.45415627343985570e+01
176 8.05860220084019668e-03 1.45414348413435874e+01
177 1.67225053911392063e+00 1.43303637594208819e+01
178 3.76438645555440203e-04 1.45231995970268137e+01
179 1.38749415093045755e-03 1.45224909614654631e+01
180 1.16703884748944203e-04 1.35710201922230773e+01
181 2.98336413141747948e-02 1.45422597389067700e+01
182 2.06461803273851774e-01 1.45419961447501294e+01
183 4.34361491089428481e-02 1.45426446522228243e+01
184 2.95478932963682661e-01 1.43719704982917573e+01
185 8.61850280911301336e-01 1.43372376480105075e+01
186 4.58381753799487479e-02 1.45414018512947205e+01
187 4.97167258407097412e-02 1.45418929100040355e+01
188 1.21048876881727566e-01 1.44835375273749456e+01
189 3.57753822642499983e-02 1.45416529476806105e+01
190 1.94220156597704752e-01 1.44899491230002706e+01
191 9.70653572001354929e-03 1.45414377118532521e+01
192 5.23329581573921260e-02 1.44547207625529985e+01
193 1.97198308142367629e+00 1.44740418869927741e+01
194 1.45739011547288022e-01 1.45428728964701630e+01
195 2.55659006298123825e-01 1.44382984069460942e+01
196 9.98255424319721918e-01 1.42353023730147328e+01
197 8.06187762975433034e-04 1.45046603895069257e+01
198 1.08834167595359298e-04 1.42452453409891433e+01
199 7.10139836759431514e-02 1.45110296806556942e+01
200 8.96707335682958573e-02 1.45417251789438673e+01
201 2.11344626866052154e-01 1.44682678014249309e+01
202 1.00054697571260662e-01 1.45431799074494084e+01
203 1.41762722612156084e-01 1.45434033090442441e+01
204 1.80314387488322320e-01 1.45430639131309292e+01
205 1.36365806490464370e-01 1.45424331054534353e+01
206 3.36896925643430711e-01 1.45425142489919441e+01
207 2.48131445550714945e-02 1.45415498955755584e+01
208 1.17621174482673884e-03 1.45360798838632874e+01
209 1.40204222052289838e-03 1.44434872571968373e+01
210 2.01612147309713705e-02 1.45424312904256468e+01
211 7.24001497734613856e-05 1.42225533085129960e+01
212 3.46536822540393352e+00 1.40733160984495616e+01
213 1.17043629786582781e-01 1.44204739921101321e+01
214 9.42246613943444222e-01 1.45106767275456079e+01
215 2.64614638740066299e+00 1.43445883524391231e+01
216 1.75548439471270509e-02 1.45417141818929618e+01
217 1.76974485736219600e-02 1.45414304967784762e+01
218 3.45030895927798065e-01 1.42324984024857191e+01
219 3.48828918223655360e-01 1.43260658127640053e+01
220 1.53576933197804996e-04 1.26605508815432088e+01
221 5.63669466162736426e-03 1.38703829130089034e+01
222 2.81447275003508857e-01 1.45423239561338633e+01
223 1.65173411388616458e-02 1.45414565483718015e+01
224 8.55575851954031158e-02 1.45431993956421657e+01
225 1.27987965953178726e-02 1.45416434561261525e+01
226 1.01249342505657744e-01 1.44682078676931756e+01
227 1.77116322459419634e-01 1.44188197472173734e+01
228 1.23709439308250253e-03 1.45310453651654790e+01
229 1.50497089886094249e+00 1.45428826744460764e+01
230 8.16484728551107597e-02 1.45424869804846377e+01
231 1.12494055140755367e+00 1.45353557233362025e+01
232 3.40777931671607415e-01 1.45429633046382403e+01
233 8.02099082586368306e-01 1.42271046074029233e+01
234 1.82151520809438194e+00 1.45339125818936523e+01
235 7.94570269687979282e-04 1.41058933208891748e+01
236 9.44877773402588174e-05 1.44349476611961247e+01
237 2.19902833133769747e+02 1.45438030848210964e+01
238 3.56581986002481506e-04 1.42672231131485798e+01
239 2.23042207230718492e-01 1.44496906826479048e+01
240 5.71373820877925445e-02 1.45431915428345988e+01
241 3.29698815180143046e-02 1.45416022134886944e+01
242 7.37777659013502340e-01 1.45430492533509668e+01
243 4.70693744292379035e-01 1.45417227064181738e+01
244 9.08758929808894500e+00 1.45428883522204977e+01
245 8.75850184213300964e-01 1.45425853873398729e+01
246 4.55934664850094484e-01 1.45420632125217910e+01
247 6.49850762013941430e-01 1.45364432233246390e+01
248 2.18775327775218187e-01 1.43729324114258326e+01
249 1.99846884588259854e+00 1.43502241375009074e+01
250 7.79695902950892558e-05 1.44478298993919623e+01
251 3.29957835095078367e-01 1.44598169003805044e+01
252 1.43932588582149273e-01 1.44890109123782214e+01
253 5.92920947859931421e-04 1.44672707708842392e+01
254 2.27048512887703691e+00 1.44630627644201670e+01
255 4.59074166729990685e-01 1.45082699664483830e+01
256 3.66638884566796774e-01 1.45416793920825000e+01
257 2.37685310588979272e-02 1.45415153468584055e+01
258 2.18855957210804863e-01 1.43631568830826772e+01
259 1.67144479341644142e-01 1.44463828184571934e+01
260 1.03349464536092294e-02 1.45414235047490834e+01
261 1.35471162232769060e-01 1.45414660465924754e+01
262 4.02471533408019708e-02 1.45415367746696429e+01
263 1.09331840733773861e-01 1.45434764749121346e+01
264 1.71289429595118614e-01 1.43853488379168422e+01
265 3.41136525158526171e-03 1.44799797183268613e+01
266 3.66918974442020998e-02 1.45415369630758509e+01
267 2.69655823531947669e-02 1.45424989850079669e+01
268 1.84527844218259213e-01 1.44164280099056885e+01
269 4.86272173287871201e-01 1.44349350133749503e+01
270 6.68576069367182169e-02 1.45431152503169852e+01
271 1.28580467073506810e+00 1.44471794862095599e+01
272 2.32462435468886591e-01 1.45435138026528588e+01
273 2.75614980692917622e-01 1.44773094559147388e+01
274 9.52470251951541004e-05 1.44784955295312088e+01
275 1.52390833745312010e-01 1.44015952495533739e+01
276 6.37230332567634561e-02 1.45423211620372079e+01
277 1.20035323749684419e+00 1.39149872801837677e+01
278 1.54533242831153861e+00 1.43470479557846247e+01
279 4.04524159820866980e-01 1.43117743107531794e+01
280 2.58622088323409473e-02 1.45422722566527884e+01
281 3.73359541783338411e-01 1.45437266498683595e+01
282 1.59897568227785154e+01 1.45319046139937988e+01
283 4.80432483042837699e+00 1.45414327590631967e+01
284 9.94590432171513992e-05 1.44706414550681384e+01
285 4.46102580384592634e-02 1.45420514234305589e+01
286 3.96310899961160112e+00 1.45416553819379804e+01
287 1.92685392045803727e+00 1.39077856199682266e+01
288 3.77017805812109794e-02 1.45418739870639282e+01
289 3.35695326460455024e-01 1.45433071583857458e+01
290 7.66142874327667108e-05 1.44521981860361084e+01
291 1.19862752904592057e-01 1.45436521142556181e+01
292 2.27005000935762632e-02 1.45418242459261045e+01
293 3.59769055200223009e-01 1.45433041493600541e+01
294 1.36345397393608625e-01 1.45410508054532279e+01
295 3.35690243507933139e-01 1.44926330209583920e+01
296 2.14812335135762533e-02 1.45421168394766376e+01
297 1.41697981421749428e-02 1.45414431263406616e+01
298 5.45434567579139706e+00 1.45442586848868327e+01
299 1.34000283320165857e-02 1.45413844030855586e+01
300 8.02659271272795904e-02 1.45432170404917116e+01
301 7.49242630212445082e-01 1.44298280088423816e+01
302 1.51163455656103292e-02 1.45423552664521267e+01
303 6.91226051589948765e-02 1.45417267410647533e+01
304 5.77150995764889943e-02 1.45420440344564099e+01
305 8.06408228072869271e-01 1.44000613481400652e+01
306 3.58399400259628020e-02 1.45425309887409533e+01
307 1.01709386294344700e-01 1.45420232143391637e+01
308 1.80877786404474328e-01 1.45422747486491950e+01
309 6.94326964185677298e-01 1.45423823863639239e+01
310 6.41757847395955233e-02 1.45432004238759109e+01
311 9.00531841767096634e-05 1.42030527044313040e+01
312 5.27115898637784339e-02 1.45421890628842441e+01
313 9.94094915059605677e-01 1.40433866848208400e+01
314 1.35678095115382202e+00 1.44971756013558242e+01
315 1.07334083066365604e+00 1.42329798587862584e+01
316 1.59455452373930412e-01 1.45296852908711447e+01
317 1.45424821398822623e+00 1.45441721224386402e+01
318 1.34494186397840454e+00 1.41016635929971859e+01
319 1.53749485986561278e-04 1.34131029373054034e+01
320 1.05219557894422944e+00 1.42773258164133221e+01
321 3.44972718852247159e-03 1.45397680462602299e+01
322 3.82474193675593696e-02 1.45421310060249862e+01
323 1.04435341667639792e-01 1.45414347600982925e+01
324 6.97755265022414695e-01 1.41916421756060114e+01
325 9.91893642074873627e-02 1.45422027847397679e+01
326 4.47277450844045354e-01 1.45439350960780605e+01
327 7.80359588690171108e-02 1.45415116023977191e+01
328 6.49594649925834822e-02 1.45429228069406093e+01
329 1.45784410615882265e-01 1.44803760567454223e+01
330 4.74588004657608864e-01 1.43111859201179268e+01
331 9.38107378181940732e-02 1.45422556743843145e+01
332 1.01402006177994233e-01 1.45425985850658339e+01
333 2.81468323460624167e-04 1.43849044966627542e+01
334 6.40921560246390104e-02 1.45415027718935885e+01
335 1.69919828384351740e-01 1.44523330791236599e+01
336 3.98114683891527478e-04 1.29885331836370561e+01
337 2.99892963944396440e+00 1.43928453350862302e+01
338 1.11963150232471720e+00 1.40299421134726874e+01
339 3.30794424385347030e+00 1.41903290105064404e+01
340 3.59873270756106367e-01 1.44176468361772621e+01
341 3.32969365442052823e+00 1.43315395998466730e+01
342 2.65269286697038045e-02 1.45421550711926439e+01
343 1.48022996198209616e-02 1.45413741381038246e+01
344 3.75693040253608057e+00 1.43299195520647782e+01
345 2.47845728673423604e+00 1.43438364987322515e+01
346 2.66515557625903341e+01 1.39537250471598586e+01
347 2.03534296929272572e-04 1.39061988919498063e+01
348 3.28833512815897455e-01 1.44122481102347351e+01
349 1.31403058633173148e-04 1.44602248903687567e+01
350 4.89536008607295266e-04 1.42068621978377525e+01
351 1.30828292173394001e+00 1.45417835660403849e+01
352 1.18331817902997943e-02 1.45414581787368178e+01
353 9.29589793594990022e-05 1.41746460552144242e+01
354 2.21308152784728790e-01 1.44084561259125952e+01
355 3.30888694181551103e-04 1.42163120015043827e+01
356 1.96278560644729608e-02 1.45422524221588425e+01
357 1.17486999024715666e+00 1.45428641815542559e+01
358 1.87741938156281624e-01 1.44132819250754451e+01
359 1.51499228208123466e-02 1.45417681298803938e+01
360 1.21130809277466489e+00 1.43325409544028961e+01
361 4.22796274725923205e+00 1.45205061804806697e+01
362 5.34502546401651041e-02 1.45416031715035370e+01
363 9.78504177527886654e+00 1.45440097385252649e+01
364 8.49136925351791621e-04 1.45327588394787544e+01
365 5.20485687688752169e-02 1.45420168498358748e+01
366 9.53023648797573064e-01 1.45041055160955583e+01
367 1.83074345475209670e-02 1.45421004515608079e+01
368 2.96983536280075525e-02 1.45421375353857290e+01
369 8.07758369570422374e+00 1.43260577280072354e+01
370 1.20001166012858998e-01 1.44563435475959867e+01
371 6.17079479008922904e-01 1.44621882506560162e+01
372 1.54473457767654376e+00 1.43876398360911022e+01
373 8.77479269829705033e-01 1.40803040541600577e+01
374 9.63012617990526731e-01 1.45431867687590657e+01
375 2.24255840403278528e+00 1.44261505351311250e+01
376 8.48338062210536142e-05 1.40087333625899113e+01
377 6.16688124560915596e-01 1.44691779022283509e+01
378 1.80720122081222401e-01 1.44161352399804183e+01
379 1.28345774050650396e-01 1.45418954068711894e+01
380 8.38651705201956671e-02 1.44639477704070156e+01
381 1.74584899777249919e-02 1.45414404194067188e+01
382 8.90736628907328409e-01 1.44838990175274738e+01
383 1.17931115303224887e+00 1.40076757285162152e+01
384 4.55987681115486015e-02 1.45429628501678128e+01
385 4.87523774934750853e-01 1.44258432142997020e+01
386 4.19551755958231035e-02 1.45429514962116286e+01
387 2.67488866233814293e-01 1.43223819338134160e+01
388 1.03590498387099261e+00 1.43685735612655190e+01
389 4.25334303973894434e-01 1.45166312952910026e+01
390 1.32652054653951634e-01 1.44395938310823109e+01
391 5.16726861475816368e-02 1.45425169355374990e+01
392 6.35485957944232271e-04 1.45039550105323070e+01
393 8.76762459182483106e-02 1.45431770408045171e+01
394 6.80340261079038916e-02 1.45430760734481659e+01
395 1.13535614651611527e+00 1.42600838929549667e+01
396 1.57964728597758869e-01 1.45418387397035769e+01
397 1.56715611267255084e+00 1.45440675847961653e+01
398 2.50889421780690642e-03 1.43988354594251238e+01
399 6.89424752720551259e-01 1.40185540239356214e+01
400 2.44654184525194029e+00 1.42981128871723069e+01
401 1.71728380820135862e-01 1.44681925428224076e+01
402 9.29643735463968751e-02 1.45328721242125471e+01
403 1.00532340375755938e-01 1.45424989703400058e+01
404 4.33281594836061393e-02 1.45416795996124435e+01
405 1.72571099899431224e+00 1.25312670756269640e+01
406 4.07678503632769842e-04 1.44916900296565903e+01
407 2.57197063822139492e-04 1.42640283089884736e+01
408 2.63104409767723341e-02 1.45417695291495175e+01
409 3.49253831638269910e-02 1.45417645381794447e+01
410 5.15655796214313303e-02 1.45422764353872385e+01
411 2.30602659893298090e-02 1.45417522968549981e+01
412 4.24422160143734656e-02 1.45425311769163486e+01
413 3.12039306863255376e+02 1.45443499443092090e+01
414 5.51448570368037960e-01 1.45424518953667423e+01
415 1.29603937286698667e-01 1.45422241664831144e+01
416 3.12577518181442497e-04 1.45270749241837631e+01
417 1.38258537497760875e-02 1.45418203619200170e+01
418 5.91929487921034392e-01 1.44441727109298537e+01
419 1.42270995327036437e-01 1.45164587051503808e+01
420 4.64669964750224429e-01 1.44261898165789653e+01
421 2.83668294000840836e-02 1.45414791515320250e+01
422 1.24167185802270754e-03 1.45256762092605047e+01
423 6.17856593941167320e-02 1.45414862010122565e+01
424 3.58179041888097016e-01 1.45027841805655822e+01
425 1.93515923442785326e-04 1.42275303413633072e+01
426 3.11397393401985245e-01 1.44617928165484066e+01
427 2.61601776297489708e-01 1.45285162874777498e+01
428 7.55789318580506325e-02 1.45426419567542453e+01
429 1.31997811218825645e-01 1.44437561226018332e+01
430 2.69340115584327244e-02 1.45426598016251827e+01
431 1.42914088873459484e+01 1.43346384538682976e+01
432 2.11714696284662392e-03 1.41954643688118747e+01
433 9.31669699313936506e-01 1.45434821573044815e+01
434 4.13192953699406118e-02 1.45427769717533586e+01
435 2.35129657954281618e-01 1.45437525957058238e+01
436 1.33315959590898120e-01 1.45415829235656311e+01
437 4.40253781405177458e-01 1.44266137219011235e+01
438 6.64669433961930032e-05 1.43392677485334854e+01
439 5.65394975835478042e-01 1.45433613164238356e+01
440 2.39012862812693726e+02 1.45441982220391299e+01
441 1.61015660982880640e+01 1.29659974325806662e+01
442 1.60919863865482404e-02 1.45417778681197802e+01
443 4.70598149448140823e-01 1.43521478194443599e+01
444 1.28169747062093414e-01 1.45431556442358563e+01
445 3.16196912813568737e-02 1.45423808973446764e+01
446 2.89729170295505334e+00 1.40088371599488575e+01
447 1.44390411879620362e-02 1.45396679723946942e+01
448 7.37036574977651127e-02 1.45022805553200289e+01
449 8.36275932719170445e-01 1.45436305383908717e+01
450 5.27568137662383294e-02 1.44689595053502842e+01
451 1.12996696737353908e+00 1.41365697281542140e+01
452 1.43772756218636527e-01 1.45422480485009906e+01
453 7.54208960006850643e-02 1.45425460388325067e+01
454 3.24643022130397751e-01 1.45418526664262995e+01
455 4.64567777748224400e-02 1.45419849819745259e+01
456 3.88609764842457808e-02 1.45422628002266894e+01
457 3.17996723447394256e-02 1.45416297981407130e+01
458 2.08346885326224196e-01 1.44016910049798792e+01
459 2.05289738100827984e-01 1.45436524458343968e+01
460 2.37754590906637573e-04 1.44926426464646632e+01
461 3.98005099506092086e-01 1.45429014251224142e+01
462 3.75361145298434007e-01 1.44277145464500745e+01
463 3.54407536493145159e-01 1.44871482126522935e+01
464 8.70873911890167829e-01 1.42768229377971245e+01
465 4.49780868357571162e+00 1.45440706137191373e+01
466 4.59682937008239895e-02 1.45425089423334999e+01
467 3.21215359901359943e+00 1.45435060442846993e+01
468 3.36830079156333409e-02 1.45424869121571110e+01
469 9.53636758894131978e-03 1.45415176359245955e+01
470 3.89934399842981894e-02 1.45417877535681388e+01
471 1.18632068422717918e+00 1.44859975362120892e+01
472 2.94797150608085536e-03 1.43443425976641930e+01
473 5.29039404006104497e-01 1.43834634030425015e+01
474 1.21421986179915220e+00 1.43040029080204238e+01
475 8.01056414023591845e-01 1.45422250083580948e+01
476 1.60136499940198643e-02 1.45415141394117278e+01
477 5.71373189940345361e-01 1.44204741552553450e+01
478 1.00654549808876892e-01 1.45416844059201757e+01
479 1.66837976948217559e-02 1.45420911010829013e+01
480 1.52762640171903372e-02 1.45423373003374934e+01
481 2.66836529556380142e-04 1.45231129195274509e+01
482 1.22743892513871286e-01 1.44899501071138559e+01
483 2.06064876992079135e-02 1.45418400128547258e+01
484 2.02578457590617163e-02 1.45417889047378655e+01
485 3.73352920398447793e-02 1.45425112321410452e+01
486 3.10780293735976376e-01 1.38872911617158152e+01
487 1.34132663779056499e-01 1.43959642834402697e+01
488 8.46295563652321031e-02 1.45433986357778586e+01
489 1.86951455256453879e-04 1.28252509491508722e+01
490 7.25645252545188829e-02 1.45427125045447720e+01
491 2.64788654747664935e+01 1.42343763445814204e+01
492 2.03297447001784537e-02 1.45419877942614182e+01
493 9.26102042039535223e-03 1.45416163762236934e+01
494 9.50214183407117711e-03 1.45415168204565397e+01
495 3.33734317212691367e-02 1.45418645507174151e+01
496 3.25285480100710386e-03 1.39867900800683156e+01
497 2.65877935895134712e-02 1.45415654926741595e+01
498 7.20454518324313425e-02 1.45421679677607187e+01
499 8.39814668544100612e-02 1.45424211649467914e+01
500 1.69574658244383669e-01 1.44193854888263377e+01
501 2.61761664065312261e-01 1.45433520450404270e+01
502 1.24193536982592943e-03 1.45025331878743184e+01
503 2.31518266073357445e-02 1.45422059544404103e+01
504 1.15647345048276520e-02 1.44262758855140643e+01
505 4.24986198481308516e-02 1.45430233371028166e+01
506 2.76611740192167534e-02 1.45421416374339625e+01
507 1.72117935964878015e+01 1.43457839629464896e+01
508 5.43387349721017432e-01 1.44270132483721998e+01
509 7.20628983811857182e+00 1.39961847739202678e+01
510 4.55691591296650378e-01 1.45424139299116550e+01
511 1.35897953811443678e-01 1.44103149016731589e+01
512 2.25045186267246067e-01 1.44334988038396492e+01
513 3.50971599451578645e-02 1.45419503884544863e+01
514 7.63947992693077421e-02 1.45418311552473707e+01
515 2.79292698881986740e-03 1.45043480435492995e+01
516 4.76484389848701784e-01 1.45428424840458810e+01
517 7.37311429240600273e-05 1.43177320713079901e+01
518 1.54486620634504412e-01 1.44880305068093822e+01
519 2.12740019809830837e-02 1.45414219819227561e+01
520 3.83808586918589001e-04 1.37724382722007608e+01
521 6.02099218195354530e-02 1.45419304344578730e+01
522 1.34964260040239563e-04 1.45017061916751562e+01
523 7.97508050249605693e-01 1.40864515007057562e+01
524 2.59335648163230870e+00 1.39570099368990466e+01
525 3.47782876010033475e-03 1.44512184399360883e+01
526 2.41919010694596204e-01 1.45429471969755717e+01
527 3.80625170375326963e-02 1.44796927645114284e+01
528 1.74974387228290264e-02 1.45422360141920226e+01
529 3.42531864392002394e-01 1.45433498467960298e+01
530 2.92183995955024534e-01 1.45427784518032670e+01
531 9.72686531254126352e-02 1.45029396639670232e+01
532 3.48990230558218817e-01 1.45437111094576768e+01
533 5.96510897824514830e-01 1.44890202856541279e+01
534 2.32169429348568812e+00 1.35877224782524912e+01
535 3.93845592501465114e-01 1.45423201036129264e+01
536 1.05295639511213013e-01 1.45421635788437111e+01
537 1.38635943419057273e+00 1.42660920086304763e+01
538 2.02085789574495914e-03 1.44434840051990498e+01
539 8.51007283058715647e-01 1.43575611811418291e+01
540 8.52220885949347834e-02 1.44373734941314886e+01
541 2.46631435578035802e-04 1.43683264843973557e+01
542 4.15919944960962407e-02 1.45428807209692366e+01
543 1.15212703800670734e-02 1.45419085993520305e+01
544 7.25331834937904874e-01 1.42592786624105621e+01
545 4.26029855280642966e-02 1.45423600138672491e+01
546 3.08802369953910327e+00 1.43154863289256724e+01
547 1.20385523622064242e-01 1.45430388228566549e+01
548 1.21519439280721786e-01 1.44775790774806339e+01
549 4.52882261547062626e-02 1.45076734014110258e+01
550 1.41940224169979023e+00 1.44909328486630127e+01
551 1.78124455223863699e-02 1.45417364072481146e+01
552 3.19800617706451078e+01 1.40060529965856038e+01
553 2.82309129955102434e-01 1.45425261725971318e+01
554 4.42234616835642386e-02 1.44838969930743851e+01
555 5.14692816826799486e+01 1.45442994114476694e+01
556 4.18794892076138972e-02 1.45419820639412034e+01
557 5.51918953480574001e-02 1.45424017797127476e+01
558 9.29193417362361995e-02 1.44870591470136905e+01
559 8.61428888948477051e-05 1.41695125924078944e+01
560 1.07498818433826495e-02 1.44568320799962873e+01
561 5.96473697191829549e-02 1.45425061130392095e+01
562 1.08553100515433815e-04 1.41507324991043753e+01
563 1.00925288022592863e+00 1.45223785588966816e+01
564 6.15189613831346516e-01 1.45419744311064747e+01
565 3.44013261574331727e-03 1.43895693044301627e+01
566 4.16470212544613454e-03 1.39708868872092999e+01
567 2.97602818953646812e-02 1.45422551722306164e+01
568 6.26009883326792121e-03 1.44117333783225874e+01
569 7.20627667378389799e-04 1.45236370499222485e+01
570 1.75103812577355328e-02 1.45423062512086076e+01
571 7.39361280886675520e-01 1.45218628866484760e+01
572 1.48745713589526325e+01 1.45442569566346229e+01
573 2.34678403725523621e+00 1.37369033490474166e+01
574 3.44293274883306022e-01 1.45267615637151390e+01
575 5.29529035526763378e-02 1.45420385945330146e+01
576 3.92249625122895046e-02 1.45416916468170001e+01
577 3.30639130514670046e-02 1.45415862460187260e+01
578 1.27287190967192942e+00 1.44892796505259032e+01
579 5.53981010328923260e-02 1.45414774255546817e+01
580 3.97799206451444412e-02 1.45420121295743190e+01
581 6.22541632241654708e-01 1.45439512917250227e+01
582 2.68475761927553271e-02 1.45420492446287106e+01
583 8.29978933722724577e-01 1.44339354201709806e+01
584 7.88641551746604774e-01 1.45096218233293062e+01
585 1.78135606721704508e-03 1.43219487879931808e+01
586 4.83757576289422231e-02 1.44853468628064217e+01
587 2.22944479442536980e-01 1.43838229430584974e+01
588 2.24141002343900497e-01 1.43614910776971438e+01
589 3.63561020251495792e+00 1.40062601060559562e+01
590 2.06585657778264653e-01 1.45422192480527066e+01
591 4.44696605571920298e-02 1.45419585358437349e+01
592 1.78860480613132339e-01 1.45416558379260046e+01
593 8.53393544985439761e-02 1.44731752251300367e+01
594 3.29324050097963728e-01 1.44931954043496916e+01
595 6.21888144118386665e-01 1.43456296568360955e+01
596 3.63109713860081118e-02 1.45422977229998533e+01
597 1.37674427908586403e-02 1.45415234603383450e+01
598 2.80044802969732602e-02 1.45422440153790227e+01
599 3.80523088467973752e-02 1.45422871193735119e+01
600 2.35971624244074828e-02 1.45423706743653174e+01
601 2.81071746318429905e-01 1.43992775831353743e+01
602 7.16785475019117574e-02 1.45429021090260111e+01
603 3.61544914725252020e-01 1.45437730662433804e+01
604 1.06888025864567693e+00 1.45439266915550416e+01
605 6.09218035131722582e-02 1.45159828173898369e+01
606 1.33466298027366321e+02 1.45443385380313277e+01
607 1.23475287295061298e-01 1.45419010788834093e+01
608 1.46987881283686728e-01 1.44453114682654107e+01
609 1.01381908379503449e+00 1.43128047239329881e+01
610 1.02867590311911261e+00 1.45438677131177201e+01
611 3.72848156425224829e-04 1.44364018715350060e+01
612 9.60952666343771328e-02 1.44599335302376950e+01
613 4.45088633428773695e-01 1.45423464150143875e+01
614 3.62118488084698376e-02 1.45426407193288405e+01
615 2.81559237137539364e+00 1.45113101526330990e+01
616 2.20407379417835392e-01 1.45424854181097878e+01
617 1.65755692656579412e-01 1.44335590737995627e+01
618 6.97130366021995307e-05 1.42494281552815210e+01
619 1.70478639461318082e-02 1.45413494217292723e+01
620 3.77184268733302477e-02 1.45418903359210994e+01
621 7.65963504837551793e-04 1.45290642112674337e+01
622 9.43062843956245178e-01 1.45290883055803643e+01
623 2.07511967660787916e-01 1.45433869308159895e+01
624 3.57608672548156481e-01 1.43571124190354205e+01
625 1.34897799899306192e+00 1.43608602008136526e+01
626 4.20722916375391698e+00 1.45430367527349489e+01
627 5.30352736759650209e-02 1.44975854931319379e+01
628 6.14576672024733312e-04 1.44754891389858731e+01
629 2.13927663154160674e+00 1.41896479303915530e+01
630 1.80962121142659221e-01 1.45437357876891529e+01
631 7.05258415856115496e-05 1.44034919614775347e+01
632 1.88964744206410340e+00 1.42788837141823723e+01
633 3.08029349377863838e-02 1.45416280837241274e+01
634 2.27021010049325178e-01 1.43431401785969790e+01
635 3.18754459042639837e+00 1.45438130765083624e+01
636 2.31521158337290422e-01 1.45425948589973686e+01
637 1.29908400958962163e-02 1.45415265487157157e+01
638 7.18132664070267866e-04 1.42301193054358439e+01
639 2.52197812576776037e-01 1.44638959464677619e+01
640 9.79029356271268414e-01 1.42232377124473004e+01
641 1.13896933676145535e-04 1.44211433834503442e+01
642 2.11162775755819127e-01 1.45420043286791163e+01
643 2.77167248672029675e-04 1.44876679274346678e+01
644 1.10412797372239149e-02 1.45418182556780113e+01
645 9.30038907790917413e-02 1.45421159801366411e+01
646 3.22373416601401952e-01 1.45426452510522388e+01
647 8.57640542416367039e-04 1.44341700420787831e+01
648 3.14961935803762805e-02 1.45424869272592012e+01
649 1.21152006220970598e+00 1.43961055096572483e+01
650 1.67317207087809653e-04 1.37689641762993773e+01
651 1.16664884303548058e-01 1.44329703795491753e+01
652 2.72861733477013901e+00 1.45434770936915942e+01
653 2.17422977851779331e+00 1.44050877828724264e+01
654 2.75186253496525098e-02 1.45422418472265491e+01
655 4.82598057564622873e-01 1.42938693193023596e+01
656 1.27246680195141695e-02 1.45416983216499318e+01
657 1.00884751666064303e-04 1.44893846569945310e+01
658 3.45851518081389114e-02 1.45419338914730663e+01
659 1.37732486350816471e-02 1.45415951608708784e+01
660 1.30478866667638645e-02 1.45416899003192608e+01
661 2.86648156324901884e-02 1.45418262735691943e+01
662 1.71655212111283484e-01 1.45434963989133124e+01
663 4.42307038959728754e-02 1.45431273092223350e+01
664 3.73061080502462783e-01 1.45437812829490998e+01
665 4.06077839880139013e-02 1.45429419271935121e+01
666 5.31471492540199278e-02 1.45429273349002965e+01
667 2.98685054812154349e-01 1.45434339941312629e+01
668 2.70175970121354636e-02 1.45419699963123161e+01
669 2.25051230215568998e-01 1.43562820035689107e+01
670 8.94589491097673162e-02 1.45433946938232612e+01
671 8.04768901339016796e-01 1.43114869438411105e+01
672 7.04392831120007035e+00 1.41624049934187539e+01
673 1.62434804903039060e-04 1.45135331494549842e+01
674 3.84776673814772041e-02 1.45427628545976138e+01
675 1.41895372156450511e-01 1.45433403092055844e+01
676 2.16881833393223582e-02 1.45351412521316536e+01
677 1.30264079360659174e-01 1.45422447954055034e+01
678 2.97855086098357269e+00 1.27642691772641239e+01
679 5.45193856595162772e-04 1.44655131782225528e+01
680 2.34474679621374422e-02 1.45423477944855399e+01
681 3.90943152030796305e-04 1.45009133300426107e+01
682 1.43153202412796965e+00 1.43523297650588564e+01
683 1.70864206572039214e-04 1.41634896482999988e+01
684 7.28651023408297793e-01 1.45420645873589027e+01
685 2.58861685979279389e-04 1.45228671069808808e+01
686 8.31195037967599193e-01 1.41936139549025278e+01
687 1.90483286330133984e-02 1.45420843689449502e+01
688 1.49787577126041349e-01 1.45415631415358995e+01
689 4.11425661496982842e-01 1.44480519397151532e+01
690 1.45034545750176647e+00 1.45127347487893790e+01
691 1.74029196266286157e-01 1.45371273256619293e+01
692 1.54591362447725096e-02 1.45413704692390269e+01
693 1.35612085849766195e-01 1.44529065471299916e+01
694 7.83297799506473547e-02 1.45100951327250147e+01
695 6.52360001843709796e+01 1.45287707320256292e+01
696 1.16587717626776065e-04 1.44587046551834213e+01
697 1.41052467373662394e-01 1.45436557320714854e+01
698 2.12670556046738746e+00 1.45364258529727124e+01
699 3.31595526026902121e-01 1.45417716824267185e+01
700 1.84528058174433796e-01 1.43951035693937062e+01
701 1.22352801196517022e-01 1.44173048097038254e+01
702 1.23480738109366928e+00 1.45423216492922904e+01
703 8.40167087480650915e-02 1.45417064590422473e+01
704 3.13209659580258801e-02 1.45423906772008777e+01
705 2.75924460881202482e-01 1.45435714391601500e+01
706 1.34949812788101990e+01 1.37453844151799078e+01
707 6.89677689143343431e-02 1.45429113885554724e+01
708 1.50991000438528457e-02 1.45417639348799685e+01
709 2.66992227666195403e-02 1.45416198413559936e+01
710 1.46016657977161889e-03 1.44898191364984559e+01
711 2.72822756411527700e-01 1.45430703046659175e+01
712 4.46746697159585093e-01 1.45434008230671825e+01
713 1.01661712432960741e-03 1.45339550797016432e+01
714 8.85856352202161856e-01 1.42553340936793163e+01
715 2.51187405782282713e-01 1.45437210045517737e+01
716 2.48946471597290657e-02 1.45418115583165672e+01
717 7.34325719893863249e-02 1.44534449113128982e+01
718 2.49140000813609852e+00 1.41928282519743707e+01
719 1.67713072592413137e-01 1.45164935654806921e+01
720 1.03884705385002635e-01 1.45421784255475757e+01
721 1.16224646494308886e-01 1.45434434764736373e+01
722 1.71867766812878325e-01 1.44735316242351857e+01
723 8.31036752518368504e-01 1.42291602418206367e+01
724 2.22752014196986349e-02 1.45418155887771547e+01
725 1.44092551468131519e-01 1.44484056986730813e+01
726 3.52074879372623131e-04 1.45102453848956543e+01
727 6.64057648425068248e+00 1.42255632382744182e+01
728 2.17998399610731974e-01 1.45430503596840222e+01
729 1.36702825080944695e-01 1.44929099959849008e+01
730 1.51846328695435151e+01 1.43740694183334998e+01
731 3.96213696164190859e-02 1.45419308020761395e+01
732 2.17208516144205450e-02 1.45418791039855915e+01
733 4.13904025116468066e-01 1.43165620549252885e+01
734 4.33038400559482978e-02 1.45416829380851329e+01
735 8.86471005986513294e-01 1.45422132273938427e+01
736 1.68399325064917837e+00 1.42977728023610968e+01
737 1.40117444230943602e-04 1.44002086830817611e+01
738 5.11791580417217257e-02 1.45421548648544015e+01
739 8.69524699583596426e-03 1.45415299112841137e+01
740 7.29497937159115706e-01 1.45426891300872647e+01
741 1.24836816081515334e+00 1.45420768358282917e+01
742 1.76743868184510954e-02 1.45419637814171345e+01
743 3.10206329134132930e-01 1.44629125369775018e+01
744 2.31843564463240881e+00 1.40063417488893798e+01
745 6.46111449703499624e-02 1.45432492741051185e+01
746 2.23775167926003084e-02 1.45420877202114003e+01
747 1.32088907909506226e+00 1.43625647054093104e+01
748 3.61319242429063991e-02 1.45421652776580750e+01
749 1.28909808518839365e-02 1.45414528565201095e+01
750 6.42655813828026057e-01 1.45010501116193158e+01
751 1.19240188603256941e-02 1.45414045741342655e+01
752 3.41231925392500579e-01 1.44532706868999767e+01
753 1.13999724098627506e-01 1.44748427154524872e+01
754 1.14190358539389722e-04 1.44458019087068035e+01
755 3.50420766772412107e-04 1.43937620021666532e+01
756 6.56343432819576189e-01 1.44206087473919009e+01
757 2.52918349251227470e+00 1.45437022355010157e+01
758 5.79663593357804749e-02 1.45422088121648621e+01
759 8.54980362489636131e-02 1.45427774510996688e+01
760 1.05357228542505843e-02 1.45415001079396369e+01
761 3.79942401439440414e-01 1.45422155794556467e+01
762 1.94436299966974507e-01 1.45433631359609166e+01
763 4.05382435774984881e-02 1.45415064815318722e+01
764 1.01928597456425551e+00 1.45439130485369201e+01
765 3.13707299066014814e-02 1.45428170887293753e+01
766 2.56113988782536370e-02 1.45419494124471456e+01
767 1.01119379457082367e-01 1.45431728063150452e+01
768 7.42384817123012519e-01 1.42937975908193291e+01
769 9.19270927995891329e-02 1.45122445407721123e+01
770 1.30866325629277136e+00 1.44716477230398155e+01
771 5.07400225910956015e-01 1.42012346291879989e+01
772 2.09367870124969949e-02 1.45421471141058909e+01
773 3.11985976208512504e-02 1.45422429550622194e+01
774 1.62643218887705207e-02 1.45421091313627482e+01
775 9.41811212625614097e-02 1.45434036134808498e+01
776 8.22524866710137349e-05 1.42984004513206351e+01
777 2.33603123873758278e+00 1.43343814163392569e+01
778 7.01158865726379865e-01 1.42388106166239474e+01
779 2.66311080240077269e-01 1.45432439531727642e+01
780 1.34939285713266577e-01 1.45418099233556912e+01
781 4.98732547466702106e-02 1.45415812603341514e+01
782 4.86977709631118305e-01 1.45426742684126662e+01
783 6.64644091230314760e-01 1.42959102963840330e+01
784 4.70952284291316844e-02 1.45423215089549096e+01
785 4.00061426606626233e-02 1.45422499908842422e+01
786 2.15820119751945101e-02 1.45419717334253349e+01
787 6.60931959306228917e-02 1.45427114431023679e+01
788 2.18995778847774021e-04 1.45212564917797451e+01
789 3.65635991071903543e+00 1.34305237027251518e+01
790 4.99358563925155555e-02 1.45418627741942696e+01
791 8.98964195814207084e-02 1.45432194560277086e+01
792 4.61038891059315711e-02 1.45421863769954189e+01
793 2.46721988694939814e-04 1.45216311807575327e+01
794 1.45674494517348255e-04 1.38165602241489154e+01
795 3.97643583539592435e-02 1.45427179047552571e+01
