0 2.09319077412896453e-04 1.47186890070603269e+01
1 3.98918179997890404e-04 1.40589666679420944e+01
2 1.36966861321572282e-04 1.43873160380612219e+01
3 2.19969385922843955e-04 1.43505582584173581e+01
4 6.20959432803393034e-05 1.44181396338764589e+01
5 1.68816266931322637e-03 1.45305015920678162e+01
6 6.66321292246317850e-04 1.43586757977455370e+01
7 1.98692389221387286e-04 1.43500450396232999e+01
8 3.33174044424935402e-04 1.37773213591293224e+01
9 5.97239730960308292e-04 1.45194695899423714e+01
10 1.14847064302045520e-03 1.43788842474157459e+01
11 3.90698897622130683e-04 1.43759628001675726e+01
12 1.63726325316838596e-04 1.44520398064778295e+01
13 1.17097316126778326e-04 1.43301215741640480e+01
14 8.72704969737832649e-04 1.43507603423536256e+01
15 3.55896663590898237e-03 1.42362488840891057e+01
16 8.59318057683856906e-04 1.43951193273632807e+01
17 1.48094704092780968e-04 1.33937675701028045e+01
18 3.06740630827754841e-04 1.44026091177175886e+01
19 2.56154094231159308e-04 1.44541145296049329e+01
20 8.93991341178976848e-05 1.43471157597389709e+01
21 4.20826288230129175e-04 1.43058197781531664e+01
22 7.07959376813060634e-03 1.43485692861497256e+01
23 3.05270884855844693e-04 1.45226928260096990e+01
24 1.50103449588082918e-04 1.44874965240407487e+01
25 3.32437927722616490e-04 1.44113954716983379e+01
26 1.85714460603385447e-04 1.45056519073519556e+01
27 9.98034441580798151e-05 1.43110164587349971e+01
28 1.31723262142244644e-02 1.42656686919418672e+01
29 4.37200219198673320e-04 1.43782340836945544e+01
30 9.63721933159846308e-05 1.43936255616461164e+01
31 3.78913220867486608e-04 1.42633380181444949e+01
32 2.65891273441018067e-02 1.43059722014790438e+01
33 9.04708162317966521e-04 1.43561149047059526e+01
34 5.06681261481405141e-04 1.43555172283426824e+01
35 3.51604304640985442e-04 1.44228071507632105e+01
36 6.45151361257485963e-03 1.43307594411703700e+01
37 1.83416104391021894e-03 1.44627917042340695e+01
38 1.45552911707842270e-04 1.43537468179170666e+01
39 2.93595044857725617e-04 1.44395328712722257e+01
40 4.18681137254996259e-03 1.45091519485228151e+01
41 1.22211204790830127e-04 1.35884731864358770e+01
42 1.89575995398261329e-03 1.44587596433983769e+01
43 5.74466720023810945e-05 1.44846585440118449e+01
44 2.73352099686666780e-04 1.34320454203937967e+01
45 2.48780447257692240e-04 1.43940073648097897e+01
46 7.74030705121566374e-04 1.45297629678271285e+01
47 1.95785593083200223e-04 1.43927812825353900e+01
48 3.22982358016471102e-04 1.45065323422616075e+01
49 7.84925842061866752e-05 1.44832938593842400e+01
50 1.98924114753005284e-04 1.44084926068890837e+01
51 9.83119491250027680e-05 1.45088885683926456e+01
52 1.24641076113180607e-02 1.44927110586715209e+01
53 7.08991703000154579e-04 1.43591710738557126e+01
54 2.39923817615480617e-03 1.44909445259941592e+01
55 7.45450044617385066e-03 1.44567453154592087e+01
56 2.14726310283314928e-04 1.45102922060336521e+01
57 2.88318937632865637e-04 1.38106306593224293e+01
58 1.96920309488433150e-04 1.43791713015645275e+01
59 1.81248143695015326e-03 1.43259499400351640e+01
60 3.92149064949181766e-03 1.43143829623932834e+01
61 4.03175968999331920e-04 1.26052880193348980e+01
62 1.23123702626667247e-03 1.45181850347250183e+01
63 1.06033436584351508e-04 1.44871019983942642e+01
64 8.86297485989581864e-03 1.45400971674867918e+01
65 6.21279297931804524e-04 1.45106520934660281e+01
66 5.67452130121109282e-04 1.39309872558537791e+01
67 5.50199352898186334e-02 1.44120541874156913e+01
68 3.44339200067762092e-04 1.45207213053166804e+01
69 7.88846072895046528e-05 1.44329276271025044e+01
70 5.00118879142119588e-04 1.44153039957092108e+01
71 3.25764062872033351e-04 1.37344810367490791e+01
72 3.45756858994333035e-04 1.45122769683305517e+01
73 1.87779914910468409e-04 1.43693788872453716e+01
74 1.24260812989143623e-04 1.43962248119364098e+01
75 1.03547928645651537e-04 1.38931811443036839e+01
76 2.55902695093077786e-04 1.43380334938266962e+01
77 1.93564918932687070e-04 1.45106225814336334e+01
78 2.67189942779655224e-03 1.43297289082120933e+01
79 4.11683805286587178e-04 1.40687828383071754e+01
80 4.90717807034534576e-04 1.41999405897617930e+01
81 3.36455928661544843e-04 1.44966464199762086e+01
82 1.85359530023592134e+00 1.37573304258985232e+01
83 1.16916225119646018e-03 1.44729528256164297e+01
84 4.94222737318147725e-04 1.45127399765142755e+01
85 1.07451861670774092e-04 1.44955209726723346e+01
86 1.03377863509649821e-04 1.44649981567668728e+01
87 1.87400461744356050e-04 1.44954445056530439e+01
88 2.55531813089631289e-03 1.45373066205578620e+01
89 7.08037397456413712e-04 1.43525370741444291e+01
90 2.02921803682527108e-04 1.43831461792234876e+01
91 1.44356473281964345e-04 1.45094763419847990e+01
92 3.00462709849991932e-03 1.43997415130602224e+01
93 2.27509757140111925e-04 1.44559983956966214e+01
94 4.59589499558528815e-04 1.43848501870321730e+01
95 2.32351378305238870e-03 1.44978856757940768e+01
96 7.63032836746625515e-04 1.44138217195525833e+01
97 1.12971171355838625e-03 1.44092598961806981e+01
98 1.12807680867117426e-04 1.44155361913984557e+01
99 1.73215629348400977e-04 1.43957530013218999e+01
100 5.02103647237511362e-04 1.45152620218605204e+01
101 1.27444956474609948e-03 1.43504356934363884e+01
102 8.59841179551710437e-05 1.45007505404387835e+01
103 1.41134791431324954e-03 1.45144529183404245e+01
104 1.37806142880230571e-04 1.44157363643261807e+01
105 6.30365307723237218e-04 1.44353631773701903e+01
106 3.61046787052821529e-04 1.43884909456958390e+01
107 3.75461742210406353e-03 1.45357203058018278e+01
108 1.27910678048684173e-03 1.40041543099143730e+01
109 1.88071576273114510e-04 1.44800963866141519e+01
110 2.07651379608423059e-04 1.43654345017776546e+01
111 2.63987405115302936e-04 1.44725370693446678e+01
112 1.67370422665962334e-04 1.43922834098382371e+01
113 7.03982663448034842e-05 1.44324478994702492e+01
114 1.89770247119879225e-03 1.41423368956992466e+01
115 5.40582275225389049e-03 1.44550200348215299e+01
116 1.28195665827880896e-02 1.44797139964921975e+01
117 1.69883906690239015e-04 1.44267503166518516e+01
118 1.22606474092017663e-04 1.44853024158310184e+01
119 5.66310541155964865e-04 1.45158397439308882e+01
120 4.30128933019534895e-04 1.44787507951617105e+01
121 2.56819643694732589e-04 1.44735459905645687e+01
122 2.36621264298801062e-04 1.44569322163528557e+01
123 1.49612140281745696e-04 1.43867510882032956e+01
124 1.66628486601993076e-03 1.44925825361777854e+01
125 1.75020821797887347e-02 1.45134640286858954e+01
126 2.91274005303967880e-04 1.42325353380308268e+01
127 5.92803948942629481e-04 1.45048125448010410e+01
128 2.85263455741026090e-03 1.44651159852722273e+01
129 9.16240961968881528e-04 1.41626880083105675e+01
130 8.33547907263368403e-04 1.45072761614159678e+01
131 8.83535237439908030e-05 1.44903300504402388e+01
132 1.72418489771688620e-04 1.44924135877909777e+01
133 6.09564375443652886e-04 1.43331473825418421e+01
134 3.48367940124690457e-03 1.44876060267509246e+01
135 4.32764318162248435e-03 1.44937022200978394e+01
136 3.54731499590816906e-04 1.43227912060660927e+01
137 7.18089930476898536e-04 1.42468164830245350e+01
138 5.34004767003697675e-04 1.43966402851484165e+01
139 1.06029242944955207e-04 1.44870351386474283e+01
140 9.66739858454389620e-05 1.41907502411130810e+01
141 4.36983373413877023e-04 1.43639721902785862e+01
142 1.53877514580480159e-04 1.44600030457201481e+01
143 2.36857018709639346e-04 1.45180210500735747e+01
144 9.81925379945331302e-04 1.43850591870238684e+01
145 2.50654819541871814e-04 1.44354919263480461e+01
146 7.83163119762850159e-04 1.45151318739412361e+01
147 2.09570611254368154e-03 1.41659374999445298e+01
148 1.63413887995754161e-04 1.42451146171764886e+01
149 4.92065048076341296e-03 1.44139427271914151e+01
150 4.87203004831165921e-04 1.43207022291502994e+01
151 8.98252114724573799e-04 1.45100233836055779e+01
152 8.67046383323270484e-05 1.42340911436307582e+01
153 1.43264625727509401e-04 1.43864465218298854e+01
154 2.39083726375640180e-04 1.43260744603099113e+01
155 1.60466449580989661e-03 1.43390549634178548e+01
156 6.38807299213946125e-05 1.44268400008717173e+01
157 3.40183584004421461e-04 1.44860276573266962e+01
158 2.25792565045145868e-04 1.44637287712176548e+01
159 1.37076629859002438e-04 1.41511870600183922e+01
160 8.61590506751097216e-04 1.41071194693131563e+01
161 3.38078280352788738e-04 1.44931562566574073e+01
162 1.49447817250527486e-03 1.43221449561200753e+01
163 6.07715799035773389e-03 1.41017149479866664e+01
164 4.26891556013883795e-03 1.42740108397441610e+01
165 3.76006257713827896e-02 1.43699843972274266e+01
166 2.23197365666175833e-03 1.44992299292043203e+01
167 5.16920279958191209e-04 1.33750136303500806e+01
168 2.28091785433381803e-03 1.40604797003385187e+01
169 5.22081754362800372e-03 1.43640611658348725e+01
170 1.51853369545936422e-03 1.44373533251525661e+01
171 6.01828766201256655e-05 1.44820651908679192e+01
172 3.60201420141414378e-03 1.45036966809271544e+01
173 3.88269961657990116e-03 1.44928519810923735e+01
174 1.66002859769570968e-04 1.44942864226586714e+01
175 1.73031161246174625e-03 1.45235211993112561e+01
176 7.97158324706879833e-05 1.44807368744643057e+01
177 1.39854928229975217e-04 1.44891070985554489e+01
178 1.33102713818600488e-04 1.44928379421131464e+01
179 1.26618862804109869e-04 1.43584299980147527e+01
180 2.01848820016662170e-03 1.44137255299741867e+01
181 6.95810066741799202e-04 1.43581044825695301e+01
182 4.24758571219497304e-03 1.45356874079641187e+01
183 6.12214510139936401e-04 1.45185117267550776e+01
184 4.42540749343093634e-02 1.44848949963430425e+01
185 2.32714117617022426e-04 1.42172179430864603e+01
186 3.89055264348472018e-03 1.44864236716593098e+01
187 8.50957067572375055e-04 1.43953865013479643e+01
188 1.24286216133992060e-04 1.44629247183150227e+01
189 7.65802258805485612e-04 1.44886441219397817e+01
190 1.87646866511611215e-04 1.43474098825782388e+01
191 1.18544881432816027e-04 1.45130604791107736e+01
192 4.03894953360943540e-04 1.44568684629549580e+01
193 5.72792517787102610e-03 1.41179226924017627e+01
194 7.49113624265994142e-03 1.45295113508941416e+01
195 7.22084429671894967e-04 1.41723007343969680e+01
196 1.22641128909004233e-04 1.42566725285827136e+01
197 3.62695846045389138e-04 1.45261272626729614e+01
198 7.88510817815015413e-05 1.44542404997159810e+01
199 5.48804153476776385e-04 1.42922808116192410e+01
200 1.62458007851253375e-04 1.44725957103832865e+01
201 8.60479498155599818e-04 1.44936754846410878e+01
202 1.05573401943794858e-04 1.43946387887439489e+01
203 8.81409608815834542e-05 1.43817373746806538e+01
204 7.83000241695495599e-05 1.44851410847229030e+01
205 2.81267927409206155e-04 1.41282497078580391e+01
206 1.39404904979674080e-04 1.45009346829394499e+01
207 1.74379384299179832e-04 1.45186597474905810e+01
208 9.89658443214659313e-05 1.42888573410056541e+01
209 7.69485577490642826e-05 1.44162861754748448e+01
210 5.81971559107989211e-04 1.42468679352252963e+01
211 3.02967135694162085e-04 1.41733571771240232e+01
212 4.52650182504261674e-04 1.44682084216818367e+01
213 2.65505344030408789e-04 1.44851244289585654e+01
214 1.18663148619777074e-04 1.42713355101656845e+01
215 3.12553797988031996e-03 1.44312619383891576e+01
216 1.28060640296284112e-01 1.42889133126093029e+01
217 1.86520404313526855e-04 1.44642532057430859e+01
218 1.77959645414370109e-04 1.43367389203984779e+01
219 2.98558160169007272e-04 1.44281175416737746e+01
220 3.17037873872607137e-04 1.43924664080829174e+01
221 2.50787378462388147e-04 1.44943448566083397e+01
222 2.36925723020636633e-04 1.44047192790536212e+01
223 1.24087189567260021e-04 1.44886430232649417e+01
224 2.62758907779793351e-03 1.42442466886642833e+01
225 5.64557570517687545e-05 1.44564857020741329e+01
226 7.57326510039822205e-05 1.44018493910639975e+01
227 8.66860148947135338e-04 1.45072222898485208e+01
228 1.54488829213745725e-04 1.45079187066650910e+01
229 2.62811102446592892e-01 1.45338139363351857e+01
230 2.91125606157188830e-04 1.44615827964196146e+01
231 5.51787312495993581e-04 1.41627449010820232e+01
232 1.02101529422889614e-03 1.43663869397034158e+01
233 9.81214660642058204e-04 1.44441729224053859e+01
234 3.30191465055380742e-03 1.42655323689891009e+01
235 3.61859246245504204e-03 1.45354901773676080e+01
236 3.37715117113796188e-04 1.44483093553829729e+01
237 5.31208538952635586e-04 1.41579939754733264e+01
238 2.45968318048774134e-03 1.44035986797835545e+01
239 8.29522362342090605e-03 1.39139992884250550e+01
240 5.07755555473508261e-04 1.44454369491889292e+01
241 1.35607783840153962e-04 1.43073780759010383e+01
242 1.95720827117233783e-03 1.45311925465185681e+01
243 1.17319654394450824e-04 1.44222111305232961e+01
244 7.74479672604479175e-05 1.42589598608112524e+01
245 4.39849307213639323e-02 1.44883650322831610e+01
246 7.73061064159100749e-03 1.43646996182848277e+01
247 6.00518494803395277e-03 1.45216058861040960e+01
248 3.77478970210685656e-04 1.45102381262586295e+01
249 6.08443947634399298e-04 1.43431627800784565e+01
250 1.35474719004120169e-04 1.44964922644362986e+01
251 1.52110169191741786e-04 1.44567719442854585e+01
252 1.52960908211262190e-04 1.44085082645148059e+01
253 2.08023976521305221e-04 1.43980145883758066e+01
254 2.74402914893926602e-04 1.43894357815657923e+01
255 1.31246085551655072e-04 1.44140344628372254e+01
256 1.07705974657058498e-04 1.43518951593941075e+01
257 3.26838047853566355e-04 1.43962495183430512e+01
258 1.07046778628260830e-04 1.44985016775504825e+01
259 6.92124031222741829e-05 1.44077009983965780e+01
260 1.88504562895833768e-04 1.43660700464636779e+01
261 3.97230329948784809e-04 1.44506601072278578e+01
262 9.61756326627486043e-04 1.44311928593392125e+01
263 1.30348362639980510e-03 1.38225778983230310e+01
264 3.27425338557006001e-04 1.43861110159973755e+01
265 1.37456227151881011e-04 1.44691620584599807e+01
266 2.70276697378835139e-04 1.45228414485258810e+01
267 8.18786025607021444e-04 1.45320086396602957e+01
268 2.42373821437481612e-04 1.44925695055730213e+01
269 2.12517952844375570e-04 1.44253185262124131e+01
270 5.46960791932729336e-04 1.44928654032926261e+01
271 2.34357824940323767e-04 1.43904988242318765e+01
272 1.88534843843549777e-03 1.43676621594291021e+01
273 1.46218534859535285e-04 1.45039726801835389e+01
274 1.56893436969652374e-03 1.45322998615104204e+01
275 1.00456532559088803e-03 1.44962767816476212e+01
276 2.48057181966569241e-04 1.44498866720808081e+01
277 4.61079227385193392e-04 1.45255645139656071e+01
278 7.51380706072539255e-04 1.44907463859240409e+01
279 1.17775677691805657e-04 1.44850481190882689e+01
280 8.16655258372140340e-05 1.44812172807058293e+01
281 7.74927263418600382e-03 1.45394318651108474e+01
282 7.54914439618039755e-04 1.41360209698204446e+01
283 7.49659057796865668e-04 1.44968394902504869e+01
284 4.21428034512938464e-04 1.43885327546684163e+01
285 6.14953974972873302e-05 1.44229402218189087e+01
286 1.84118365553913869e-04 1.41395700448796084e+01
287 4.43504551528713163e-04 1.40681519123332262e+01
288 3.39428797565486523e-03 1.43760665919901793e+01
289 4.75379725183570749e-04 1.42981092664299059e+01
290 8.85346532098593448e-04 1.45305054045547948e+01
291 9.45339207863825365e-05 1.43964472183483707e+01
292 1.64822480955227727e-04 1.44006870013925372e+01
293 7.44338365276610812e-04 1.43886693437768809e+01
294 8.67694956309106980e-05 1.39616153678110031e+01
295 2.14243433705960362e-04 1.44437876939401324e+01
296 2.09833850127904599e-03 1.43987264669719810e+01
297 6.50402812146545122e-04 1.44858478334764076e+01
298 3.25335886376607963e-04 1.44599623633966079e+01
299 8.93877414139522758e-04 1.43484710410172909e+01
300 2.39919522932445181e-04 1.32953038094171418e+01
301 3.97718890268894121e-01 1.41528432504083383e+01
302 2.09106370629597135e-04 1.44171191442484012e+01
303 1.83230065428517034e-03 1.45198311162600451e+01
304 4.55026580403514939e-04 1.43822916192131576e+01
305 1.35863617449364575e-03 1.43342711317596496e+01
306 7.54226855177227303e-05 1.44554595478231516e+01
307 3.75724383437997197e-04 1.44783695465457782e+01
308 2.13729258848439739e-04 1.38792376638087003e+01
309 1.64526753679677582e-03 1.41555348639500540e+01
310 1.97409742726216419e-04 1.44920914146251523e+01
311 2.24926986499421235e-04 1.37846611680833924e+01
312 3.80028912051421448e-04 1.43500120800181943e+01
313 1.59345421700732674e-02 1.38522274895990396e+01
314 4.54233325817845687e-03 1.43431081368095210e+01
315 2.86816243688908855e-04 1.43906949015571808e+01
316 5.43461920720005303e-04 1.45223554011079354e+01
317 1.43904596549345939e-02 1.45346172551169737e+01
318 8.10797114036450865e-05 1.44431479346133571e+01
319 6.32320322440077347e-03 1.44528480643410226e+01
320 2.48248203536762749e-03 1.38888018341572259e+01
321 4.71199893771672123e-04 1.41129720039141997e+01
322 8.75892147562082096e-04 1.37564525893264697e+01
323 1.75905598692344331e-02 1.44682033734777686e+01
324 5.90840307732593884e-04 1.44419247073213768e+01
325 7.12408158304993016e-04 1.44869152169535784e+01
326 4.82736437644131161e-04 1.44856966771118110e+01
327 4.06519933358317272e-04 1.43777339412698080e+01
328 4.89485341203063748e-04 1.40383785319284726e+01
329 4.78868173882096191e-04 1.45024267161068163e+01
330 1.72151536915706935e-02 1.43747398571928215e+01
331 1.63867350855073993e-03 1.44681983041011790e+01
332 2.09985883100498669e-04 1.44592645770226387e+01
333 6.67651489669534312e-04 1.44928059410505572e+01
334 2.97125293599085716e-04 1.44533289626828783e+01
335 1.07260479148380748e-04 1.43928869774766621e+01
336 2.37272215374474888e-04 1.43248183777206624e+01
337 3.42564486536181903e-04 1.44101843284369391e+01
338 3.95867211834770587e-04 1.37386291398411657e+01
339 3.90333353025222639e-04 1.41006860011993815e+01
340 8.29934899247457882e-05 1.44244526410964582e+01
341 2.31809454680795621e-04 1.43861449009929512e+01
342 1.22611608047240708e-01 1.40547894729383280e+01
343 3.46735835216776254e-04 1.35950031465258121e+01
344 1.63044436379843278e-04 1.44065316124131897e+01
345 1.87175124283115791e-04 1.45163571118979942e+01
346 1.56733002846914102e-04 1.45130242438084824e+01
347 1.35851228656012619e-04 1.44449531521003927e+01
348 9.18404206226917431e-04 1.44549914458264421e+01
349 2.96186644393790484e-04 1.44441352766412976e+01
350 1.35773492393643223e-04 1.44330267224626212e+01
351 1.01093490046895527e-03 1.45137042213153471e+01
352 4.53079852718798299e-04 1.44698409138779294e+01
353 1.54012657599782469e-03 1.44525601902022185e+01
354 6.96786776177265845e-05 1.44068825486236740e+01
355 1.26145965792220726e-04 1.44340728031327217e+01
356 9.05992571086538081e-04 1.43585970596285346e+01
357 1.61589667198089142e-03 1.43584617977106834e+01
358 7.20865619257286512e-04 1.42960060349506204e+01
359 1.04357112987922272e-04 1.44178473128389300e+01
360 9.08892994293004387e-04 1.44631154427041029e+01
361 3.08087506532081707e-04 1.45204004090557977e+01
362 1.21263498106256203e-02 1.40659643240702046e+01
363 1.10315381278592971e-04 1.43138436403848353e+01
364 3.80188775539976953e-03 1.44125268237166786e+01
365 4.00985428688935882e-03 1.39811080471703306e+01
366 1.31343491699196488e-04 1.44536898427819711e+01
367 7.24734237313187212e-04 1.44160482405834678e+01
368 3.18827518076012038e-04 1.45071296963457073e+01
369 7.71684201525421154e-05 1.44665573820144964e+01
370 2.54536349656899548e-04 1.45180931070752059e+01
371 5.40948101543259558e-04 1.44890505233837530e+01
372 2.79071855898406387e-04 1.44950597434648891e+01
373 3.58268334828166731e-04 1.38805261575266492e+01
374 9.93618159476155575e-05 1.44092575728121322e+01
375 6.71763219941794686e-03 1.44565580473011721e+01
376 8.62617299207618329e-05 1.42858164586408876e+01
377 1.32419787154457545e-02 1.42350086600816628e+01
378 1.03358250631705034e-02 1.45405895885689045e+01
379 5.51242547921041229e-03 1.43860538954959996e+01
380 1.18526166441715298e-03 1.43373678667322775e+01
381 2.01077385446544554e-04 1.44070982017055531e+01
382 8.46023314762348890e-05 1.43860576561443079e+01
383 2.21708959932229643e-03 1.44323765580331536e+01
384 3.91601414848174740e-04 1.39617808479284804e+01
385 2.01070603997479091e-04 1.43079993547032149e+01
386 2.00630474447684561e-03 1.36907317235876196e+01
387 1.72065487868380794e-02 1.45359946002992775e+01
388 2.60335667157928809e-03 1.45376732484236797e+01
389 2.46842689496451625e-04 1.40201363972205879e+01
390 6.46766029260540965e-05 1.43548835971987554e+01
391 7.93255536361200931e-05 1.44314006255182878e+01
392 1.12324995342211230e-04 1.44159083273160853e+01
393 8.68816630565687892e-03 1.43745988184591287e+01
394 8.58595065080029041e-05 1.44212476721434939e+01
395 2.42248703027300548e-04 1.44173544808248995e+01
396 9.31793920514699175e-04 1.44563879114879619e+01
397 2.95696426474112775e-04 1.44359958383775293e+01
398 5.80149789240860781e-04 1.36663017289526820e+01
399 3.49775082285832314e-04 1.43835357896505336e+01
400 1.26694593735327807e-04 1.44709272038215566e+01
401 1.31235455897096669e-03 1.44532378868890277e+01
402 1.48908436989928677e-04 1.44637828280643177e+01
403 3.31377926352691352e-02 1.43574235697112638e+01
404 5.38169684202315481e-04 1.44582623660871832e+01
405 7.76698571217993759e-05 1.44757695205183978e+01
406 1.61432949313142346e-04 1.42286110546680629e+01
407 8.38195782868388843e-05 1.42618452826370365e+01
408 5.35676627579786957e-03 1.45404435341419251e+01
409 8.80570630084202312e-03 1.43299391408125469e+01
410 2.31810460807385839e-04 1.44943038014445449e+01
411 1.46124711530000418e-04 1.44056332034055039e+01
412 9.64066485392978383e-05 1.43742421625452046e+01
413 7.11785964959675034e-04 1.44053757263140394e+01
414 4.49687035211307549e-04 1.45133553411139147e+01
415 1.87039883946516497e-04 1.44899628200577730e+01
416 2.69113785142828272e-04 1.43465966675655032e+01
417 2.18327732948772699e-03 1.32888961759975590e+01
418 1.19041508903698059e-04 1.44642513942489970e+01
419 3.09654684629917130e-03 1.42406667501763025e+01
420 7.23097665206658222e-04 1.41192496263659724e+01
421 4.36862557588494358e-04 1.44967020016797647e+01
422 4.04750776171085411e-04 1.44510363916294260e+01
423 2.19015074611964803e-04 1.43275928163056392e+01
424 3.15301705104888141e-04 1.34818567548030526e+01
425 2.39066607823414828e-04 1.44616061860796705e+01
426 3.96732320134611809e-04 1.44309604631083346e+01
427 1.22072844395051147e-04 1.44714143248550258e+01
428 3.28966869975945648e-04 1.45190018983858362e+01
429 1.35985252376421905e-04 1.44678401500998888e+01
430 8.34727998546181972e-05 1.43334976529730618e+01
431 2.47849632256540544e-04 1.45197553431817674e+01
432 1.09719436833056946e-02 1.42646709291206193e+01
433 3.29524722102931958e-04 1.45001769743367213e+01
434 2.60804925342251993e-04 1.44124399561557262e+01
435 1.99075005077278876e-04 1.36240844092396340e+01
436 2.28645769740500076e-04 1.45066950051548762e+01
437 4.71958163296164375e-04 1.43633245009664279e+01
438 1.46452700622318396e-02 1.43329525978837857e+01
439 5.58794395588153533e-04 1.43074579428868596e+01
440 1.42733898692121348e-04 1.42973300679874544e+01
441 7.59438974589865924e-04 1.35885927289435084e+01
442 4.27013851555046596e-04 1.45199794360953955e+01
443 4.70315983148092507e-03 1.45011544126600569e+01
444 7.72954561780966106e-05 1.44415464428509583e+01
445 5.24224869034435256e-02 1.45331693562959785e+01
446 1.15391019619117142e-04 1.44675926597508049e+01
447 9.94495082799958809e-05 1.43833593517523397e+01
448 1.72336696257074305e-04 1.39080084761704548e+01
449 4.20785608319615510e-04 1.43335764622182342e+01
450 3.37517793340906275e-03 1.43576523973137107e+01
451 1.04025010554382205e-04 1.43303759425069490e+01
452 4.70718828648386631e-04 1.44745502106790536e+01
453 8.96676337570528258e-05 1.44568507574366798e+01
454 1.11096553953363630e-04 1.44492421898735781e+01
455 1.20894066477980535e-03 1.43604354599143882e+01
456 3.58199613958090385e-04 1.43775025133046377e+01
457 8.32084279067052613e-05 1.43078672419592774e+01
458 1.20640535738329355e-03 1.29818718496629533e+01
459 8.39337520182670163e-04 1.45192810193982034e+01
460 7.73202929010063716e-04 1.44736207774110817e+01
461 1.16543933188082268e-04 1.42584681935828019e+01
462 4.56341283915326714e-04 1.44037214076200986e+01
463 2.50742585244180950e-04 1.45177053718850360e+01
464 1.15089006329069344e-04 1.44303043952941934e+01
465 1.95705102041579364e-03 1.45166909800971187e+01
466 3.24523702841779252e-04 1.44903117635532084e+01
467 2.80351180586125301e-03 1.44816922231471192e+01
468 6.84156924936145361e-04 1.38646957488193898e+01
469 3.11670255961943754e-04 1.44856034668457596e+01
470 4.24294665419186414e-04 1.37115714102560986e+01
471 2.05135835974691063e-04 1.41645025685256858e+01
472 1.66303536233634505e-04 1.45014968322802567e+01
473 8.33103171425205244e-05 1.41388151125964150e+01
474 6.13928053279894220e-02 1.44621359078394747e+01
475 8.43784624630457476e-05 1.44276356195209168e+01
476 2.76723574133178865e-04 1.45259684376965339e+01
477 7.70236032080560257e-05 1.44916979472399206e+01
478 3.58925662480593516e-03 1.45385332561900302e+01
479 1.63096300045575461e-04 1.44435298444114295e+01
480 6.23922660439888005e-02 1.39734193859304092e+01
481 4.23961045713587526e-04 1.44599375516729278e+01
482 7.24125554027761111e-04 1.44990162668282014e+01
483 1.37600316386558076e-04 1.44498885694096248e+01
484 6.98239261192109412e-04 1.43610170282370664e+01
485 3.97020985794178862e-04 1.41872863506628466e+01
486 2.42364209896982376e-04 1.44048438116597346e+01
487 2.30654308122992186e-04 1.45074978892971700e+01
488 9.58067183440315944e-05 1.44611213444917013e+01
489 1.02645359899363177e-04 1.44614906710730313e+01
490 3.77758156066847683e-03 1.43413721873752653e+01
491 3.11739752321747222e-04 1.40240972504005992e+01
492 2.16635363807015860e-04 1.44914969725063809e+01
493 2.74884372941077251e-04 1.42960491534821248e+01
494 1.51780653687158507e-04 1.44714527768373653e+01
495 3.24955282938733513e-04 1.43586056585519088e+01
496 3.07354306966327708e-04 1.44835526965454946e+01
497 4.57154362671427701e-04 1.45155077055119737e+01
498 1.35997425276179404e-03 1.45334334560713732e+01
499 1.82310207140979019e-04 1.44561091183352524e+01
500 4.49786544997563594e-03 1.44124105670286546e+01
501 2.49101618351367288e-04 1.43004099924922912e+01
502 3.57287582029622059e-04 1.44889587753008566e+01
503 2.29766847867187438e-04 1.45151549396451465e+01
504 1.48966423169655509e-04 1.28701434069131597e+01
505 1.04540577917583945e-04 1.44810057164388759e+01
506 7.41625544835284017e-03 1.30259399511301801e+01
507 5.54369200142635354e-01 1.45231955904383554e+01
508 3.96089926941778402e-04 1.44671311251717860e+01
509 1.37097875888344010e-04 1.44283474899353354e+01
510 5.82848197250659559e-04 1.45142753322562363e+01
511 2.16899315573171488e-04 1.43898566121329718e+01
512 1.25562412420460862e-04 1.44727942852491651e+01
513 2.12928632964168307e-04 1.44055574433173756e+01
514 3.01328554792182866e-03 1.45259707582373299e+01
515 4.36897086653497584e-04 1.45174710434619207e+01
516 6.50620433263429692e-05 1.44319676539328619e+01
517 1.38993354842867535e-04 1.45112902280442775e+01
518 6.92852048194193441e-05 1.44248345093659172e+01
519 2.17760302735316201e-04 1.45062884013223332e+01
520 2.03764926273720048e-04 1.45026056163615671e+01
521 9.78490182490485713e-05 1.44082828894230115e+01
522 3.64532637838227370e-04 1.45140758849312572e+01
523 7.81522367703045274e-05 1.43411415806668536e+01
524 1.51478302855287232e-03 1.42819959763865239e+01
525 1.24494324885094201e-04 1.44222340370054312e+01
526 3.43959021562324318e-04 1.44329896687275259e+01
527 1.64325721711174356e-02 1.30875317016893202e+01
528 1.74218308145282610e-04 1.44482002773431777e+01
529 3.01614075205835824e-04 1.39287094019418003e+01
530 2.78103326966146029e-03 1.40821516142682643e+01
531 7.35362632397973978e-04 1.44073489804804282e+01
532 5.32072728286621193e-04 1.45195577598148216e+01
533 1.85021606142603628e-01 1.42513209300922057e+01
534 1.07410614743933402e-02 1.43461484393537315e+01
535 7.74618957425925701e-03 1.44118647022990451e+01
536 5.64877843138567189e-04 1.42691092269424722e+01
537 3.78267521957176755e-04 1.42237076046119100e+01
538 1.35761252681942458e-04 1.44981707400449871e+01
539 8.93021134173916959e-05 1.44746366734763114e+01
540 5.87316629263928344e-04 1.43187560577335500e+01
541 5.10721821908096058e-04 1.43480680162999050e+01
542 7.49030356405819601e-04 1.45194622323075961e+01
543 4.97021447182839421e-04 1.44211427781640129e+01
544 1.15527674565987044e-03 1.45005162008288906e+01
545 6.19091472506010879e-04 1.44973096937032544e+01
546 1.56941880078726733e-04 1.41961524911972692e+01
547 1.28304305155429229e-03 1.39696453965575351e+01
548 2.34165687280411719e-04 1.45077864575899902e+01
549 1.99099933493070440e-04 1.41790585036368135e+01
550 2.52926149070682553e-04 1.37709138104657267e+01
551 6.56687626842398066e-04 1.45045320753986289e+01
552 2.35493056501368068e-03 1.43262153904081551e+01
553 3.82281646264422668e-04 1.41927905778703174e+01
554 2.51648932991664490e-04 1.43254528568544508e+01
555 8.10717563952742927e-05 1.44086920569324697e+01
556 1.16597497915494723e-02 1.45257866719580218e+01
557 1.83697554430824439e-04 1.44957541355160853e+01
558 1.52900980212510365e-04 1.44797221801244316e+01
559 4.27675740097752208e-04 1.44419682697482568e+01
560 4.25219153367073282e-04 1.41605997124184313e+01
561 7.35343912308329098e-04 1.44887961339861491e+01
562 5.28825512472609941e-04 1.44361441010231513e+01
563 1.10588557589051044e-03 1.43435919722707759e+01
564 1.36195789175019583e-04 1.44939727173572628e+01
565 1.83266666280758744e-02 1.42210246520834911e+01
566 9.98563963032802999e-05 1.44954501236938746e+01
567 1.52362469188680030e-04 1.44124922035758907e+01
568 1.19068378394290042e-04 1.44871181282111046e+01
569 7.37282160756540017e-05 1.44719711343243951e+01
570 8.44421343629447527e-04 1.42981649628235878e+01
571 9.13548045430617739e-03 1.40716429953266005e+01
572 2.01211746465193580e-04 1.41552109849477485e+01
573 6.37603158281487784e-04 1.44919387073998625e+01
574 4.03154374221576818e-04 1.42143991295398884e+01
575 6.94134623101328244e-03 1.43369603069850413e+01
576 1.51204214703485592e-04 1.44007297739340050e+01
577 1.62358769193469532e-04 1.45036480024662318e+01
578 8.90399281223212737e-04 1.44501927287106060e+01
579 5.63400126880295605e-03 1.36917815017111391e+01
580 1.52148569099678360e-04 1.44611281715178279e+01
581 2.18436115659730349e-04 1.41310418154024777e+01
582 1.50669433416215220e-02 1.45400988782220981e+01
583 2.01972346638802593e-04 1.44233101395703276e+01
584 4.42405744545740372e-04 1.44566770484175606e+01
585 1.15586874217707070e-04 1.45052405487612806e+01
586 2.34368713921736740e-04 1.41494122628302037e+01
587 1.26912574890228162e-04 1.44910514265612402e+01
588 6.68135641187823362e-04 1.45228600635867835e+01
589 2.22108144447070045e-03 1.44134532313447004e+01
590 9.40462723549764898e-05 1.44639404174848742e+01
591 1.43475013207746668e-04 1.44861790126511263e+01
592 4.32093394981713716e-04 1.45290144633639571e+01
593 8.40756900758101990e-05 1.43757050049131045e+01
594 1.35764486388803281e-04 1.43820060197803858e+01
595 2.87456980613882312e-04 1.44306113870539274e+01
596 2.63894307193762827e-02 1.40004713136261731e+01
597 1.84602917524604300e-04 1.44807880585143884e+01
598 5.25111572983857932e-04 1.44751834580582184e+01
599 2.08448635632479669e-04 1.35289629058140211e+01
600 8.54296209289254378e-03 1.43711018965561017e+01
601 3.09749875050187968e-04 1.44965681828884154e+01
602 6.40128974465548409e-04 1.44642716047156590e+01
603 1.24355609276704350e-04 1.44661281425330515e+01
604 2.30055966413769686e-02 1.44288660571938951e+01
605 9.29846805276686493e-04 1.43600712523533609e+01
606 1.05070967431396123e-04 1.44537715844253576e+01
607 5.02342953631776975e-04 1.40247639716125612e+01
608 4.89548881589491232e-03 1.43515081821382555e+01
609 7.74447066133997653e-03 1.45368108802612266e+01
610 3.12455873854586568e-04 1.41860710639822276e+01
611 1.12438326336131278e-04 1.44178329911361871e+01
612 3.05188151765563135e-04 1.45118528254334613e+01
613 4.07653667088879099e-04 1.45205038921843883e+01
614 1.70201223708774758e-03 1.43239329928128196e+01
615 4.44957255938748767e-04 1.44933846935677710e+01
616 8.85762505561251778e-05 1.44324335688352665e+01
617 4.74071539269866563e-04 1.43988071328783676e+01
618 6.70773339250223992e-04 1.44043136793414224e+01
619 1.66233185933705233e-04 1.43755093946434656e+01
620 1.29681544673746082e-04 1.45063160218929781e+01
621 1.15730795588444711e-03 1.41668089973525042e+01
622 3.81343295794088467e-04 1.43794529192109426e+01
623 3.66976771644208903e-04 1.45059093602129323e+01
624 4.60588187990595768e-02 1.45134061316912213e+01
625 1.68337673278162237e-04 1.44869620524593454e+01
626 5.12740869841775459e-04 1.38605115490118074e+01
627 6.67924812535167266e-05 1.43525011196246020e+01
628 2.21639713037723846e-04 1.43021247360282668e+01
629 1.30155826960012843e-03 1.44749968258213890e+01
630 5.55813707706560617e-04 1.43672647138609051e+01
631 2.80516197052160104e-02 1.44629932549246742e+01
632 3.13141376798017174e-04 1.43375311095390359e+01
633 3.19587676407677185e-04 1.44537966164187104e+01
634 3.82263596241844128e-04 1.44775050408064470e+01
635 2.18006702280763111e-04 1.44599975318011804e+01
636 1.88733618164625726e-04 1.44303397686702599e+01
637 4.74842898660940264e-04 1.45296230543357172e+01
638 1.70786738992446188e-02 1.43551333773611987e+01
639 3.59893174168188462e-04 1.44202935005026340e+01
640 4.65669740882434439e-04 1.43573630271361665e+01
641 1.06417582153231112e-02 1.43421929303111710e+01
642 1.76857732736806388e-04 1.44395511017518778e+01
643 4.27957083867160147e-04 1.33541303361029957e+01
644 7.67277989209208446e-03 1.45343332876224505e+01
645 3.43320889372643930e-04 1.42149139205582848e+01
646 5.18270938708522083e-04 1.43176784852893881e+01
647 3.63288461969637588e-04 1.43633140236417081e+01
648 1.90561293187681453e-03 1.45030634851330014e+01
649 7.39027357884203837e-05 1.44480850722427867e+01
650 8.58167069233705830e-05 1.44929114135423323e+01
651 1.61570539358358933e-04 1.45162561144846105e+01
652 1.00339934752551271e-04 1.42692054054559527e+01
653 7.94425214904425606e-05 1.43722753410730846e+01
654 2.17698728453330644e-04 1.45135194203613676e+01
655 5.51896172815198247e-03 1.43011160183410961e+01
656 1.47071626037904401e-03 1.41149391922621970e+01
657 3.58612806437673816e-04 1.45180639063972574e+01
658 1.09054086598424208e-04 1.44931376014053548e+01
659 3.40714044740045427e-04 1.44628179021032324e+01
660 7.91006053297333041e-04 1.42462379279095739e+01
661 3.53361989045319989e-04 1.45071330174403776e+01
662 2.67353592251890339e-04 1.39087900454467857e+01
663 5.16128505860165743e-04 1.44816047446981546e+01
664 2.74541775960542283e-03 1.43450759698992538e+01
665 3.99757119752024853e-04 1.43579845537900255e+01
666 7.57579646405770685e-04 1.45133556807796857e+01
667 1.32172890283186400e-04 1.42669044083222474e+01
668 9.68505845088513855e-04 1.45158018802033091e+01
669 5.45011777921767127e-03 1.42474027841288127e+01
670 6.01650170095494995e-04 1.45193558584117124e+01
671 1.41779149321117671e-04 1.44034233578605342e+01
672 1.92431472678921707e-04 1.42515546271106572e+01
673 4.51204361506785253e-04 1.44037467639991252e+01
674 2.93788616739664289e-04 1.45162649299535964e+01
675 7.11409844324033627e-04 1.44653271574016031e+01
676 1.10239423968907358e-04 1.45074560637402552e+01
677 1.27932364455345072e-03 1.44358964290617848e+01
678 2.48667491559213848e-04 1.43717720595974043e+01
679 1.96855281316642627e-04 1.45034009172829599e+01
680 2.96590339997883910e-04 1.45110288533065699e+01
681 5.41614203448454964e-04 1.43556089579476769e+01
682 7.94822778047507865e-04 1.44689398030162941e+01
683 1.96574389246248520e-04 1.44848841576188079e+01
684 1.83101438785944584e-04 1.43802760152039930e+01
685 2.72672985191940189e-04 1.42121352832170995e+01
686 5.64375351512049492e-04 1.41248998083315787e+01
687 8.72589000642220032e-05 1.44418154702783372e+01
688 1.10118371672399338e-04 1.42920764388619013e+01
689 2.07144792149138176e-04 1.28722625845306187e+01
690 7.52272755697718252e-05 1.43149360803682253e+01
691 1.86840738622025406e-04 1.42556606303124909e+01
692 1.47290385314580120e-03 1.44346536174693103e+01
693 3.06835676122528393e-04 1.44884633527949767e+01
694 6.47162398262954362e-04 1.44377894211510309e+01
695 3.02087079134653132e-04 1.45255596866019303e+01
696 1.55636991086884275e-03 1.41818613605496218e+01
697 1.25055950313069828e-04 1.44332117880210067e+01
698 2.81798062605458088e-03 1.45357147914755327e+01
699 6.53242569052347945e-04 1.45166046425789688e+01
700 5.06887118622048084e-04 1.44125791631405686e+01
701 1.22100508898029931e-03 1.45280216989829718e+01
702 3.46068237743026269e-04 1.41203403905644951e+01
703 1.99442991497562308e-04 1.35442768297152494e+01
704 3.87536578075263504e-04 1.44937083602891796e+01
705 7.13923926205128261e-05 1.44332881857898911e+01
706 3.11448981210535759e-03 1.43472512432296462e+01
707 2.01743874099452185e-04 1.45073110666215062e+01
708 7.17976806591171077e-04 1.44493591639733054e+01
709 1.05149051717812384e-04 1.43225719354234258e+01
710 4.33047798072410772e-04 1.38895797353474908e+01
711 1.59986330746959924e-03 1.44603680071971379e+01
712 2.24302992110562684e-04 1.43190206499560251e+01
713 1.37406958574929792e-04 1.44444508894839068e+01
714 8.25825472853176674e-05 1.44750876864344882e+01
715 6.48189492357532319e-03 1.45156099064313437e+01
716 2.55144077027284299e-04 1.43802619671383169e+01
717 7.13287203764585991e-04 1.42801930648956183e+01
718 8.75502150614156788e-03 1.44131420132985522e+01
719 1.42798159063595300e-04 1.44722106403170585e+01
720 4.05933589096642913e-02 1.44214934799444823e+01
721 1.08191412925908576e-04 1.44843689020004636e+01
722 6.81369529709909645e-04 1.44778216398122108e+01
723 2.69649021178652902e-03 1.45209549646829608e+01
724 8.73367762542424225e-05 1.44265010037529979e+01
725 9.27801886012201069e-05 1.44295831123259308e+01
726 1.11872351472228960e-03 1.44453363782482498e+01
727 1.07231840500998990e-04 1.44983681849208477e+01
728 7.76826878774145675e-04 1.44927905257505749e+01
729 7.16774033111545995e-05 1.43825685709023947e+01
730 7.23404115325237181e-04 1.43545809340454298e+01
731 5.76646626479426571e-05 1.44731567371330136e+01
732 3.98452653457877367e-04 1.44631043444165357e+01
733 7.96294227095826210e-04 1.45243914784972308e+01
734 6.91063245539107608e-04 1.45331765141110019e+01
735 6.37749333988081851e-03 1.45230293298912301e+01
736 8.11497466810394863e-05 1.44998541447299498e+01
737 3.67940460330571417e+00 1.45439489743067263e+01
738 6.17451393544798726e-04 1.41524584770597794e+01
739 2.68702121484988630e-04 1.45149642904143885e+01
740 1.91476794273878065e-03 1.44651835688703230e+01
741 2.35626300801956216e-04 1.41911896499029684e+01
742 4.61986936598015024e-04 1.37991175310265337e+01
743 1.59647917291052426e-04 1.43878435147153514e+01
744 1.33806066097180839e-03 1.44918349318429094e+01
745 3.10632397295956635e-04 1.43342401080256288e+01
746 2.45126828448370693e-04 1.44679408589736731e+01
747 3.47656745071987447e-03 1.44148893225394588e+01
748 6.57183076519178349e-04 1.45008849978202665e+01
749 1.24032740053208975e-04 1.43114738193335214e+01
750 1.13128993095143134e-03 1.43715550238369083e+01
751 6.09276734905892935e-04 1.43577721406584349e+01
752 1.30244386864528919e-04 1.42266121571538129e+01
753 2.03373905252519666e-04 1.42249202972189561e+01
754 2.57646925019259241e-03 1.45246938906055725e+01
755 4.17895834358565199e-04 1.45170708513022433e+01
756 1.00035117047195797e-03 1.45336360653920966e+01
757 4.03751722166987930e-04 1.44549419980644878e+01
758 7.76942811144029199e-05 1.44550830912823187e+01
759 5.27770288580057092e-04 1.45133435662523045e+01
760 1.06251154513814703e-04 1.44915724022847545e+01
761 9.49490586815840486e-05 1.43681471222930224e+01
762 6.51379725524839424e-04 1.36029788195245604e+01
763 1.79484500760110669e-04 1.44625601739668959e+01
764 5.21857229373374055e-04 1.43908755794676910e+01
765 9.23943069607669268e-03 1.43528885549348431e+01
766 1.44240561909117097e-04 1.44679392891002756e+01
767 4.85121325097395695e-03 1.45327506313902539e+01
768 6.34184748816374127e-05 1.44920183446139035e+01
769 1.98036129826735204e-04 1.41327012450824760e+01
770 7.96253503604471541e-05 1.42110095074125820e+01
771 2.68225197982112666e-04 1.44886148228408622e+01
772 3.01107777726017638e-03 1.43485905151342941e+01
773 1.22710239119100005e-04 1.44062294441964980e+01
774 9.32112403123312727e-03 1.44418727348391549e+01
775 4.29211168600266378e-04 1.45112959034224289e+01
776 2.33431097052048519e-03 1.43582647641317021e+01
777 2.16893413699966901e-04 1.40056250627867307e+01
778 2.97208771250570547e-04 1.42717203351341286e+01
779 3.61044345855597939e-04 1.41258565408747998e+01
780 4.79311460446716947e-04 1.44574532708866634e+01
781 1.55104407367893959e-04 1.40866744636990457e+01
782 4.10002009373082194e-04 1.40554373912944470e+01
783 1.43694350624312510e-03 1.44500195776286908e+01
784 5.51578692489736178e-04 1.44489704870740123e+01
785 6.97415918583155128e-05 1.43694710759682653e+01
786 1.99744274542322704e-04 1.45023383010646238e+01
787 7.18128083370136268e-05 1.44447294914389257e+01
788 2.54088252853740329e-02 1.44860829932185684e+01
789 1.45145566156282420e-03 1.43833885014873299e+01
790 6.19038442933717188e-04 1.45118774237083201e+01
791 5.93169805372643954e-04 1.43572776849592749e+01
792 1.16518661854098923e-04 1.43450189463920417e+01
793 7.68579880016345522e-04 1.45187938343010785e+01
794 1.09525545719224050e-03 1.44796546572696094e+01
795 1.50498140104647984e-04 1.44675426238291287e+01
796 9.11263104353799791e-05 1.44704463520739370e+01
797 6.88510549110660323e-05 1.43717182770459804e+01
798 4.12598669531025750e-04 1.45120231639568118e+01
799 7.51921572811791328e-03 1.43973889499099403e+01
800 6.91489180850346003e-05 1.44782487686956820e+01
801 2.24719075352111067e-04 1.44853830757759798e+01
802 1.78215337712167517e-04 1.43931629146029838e+01
803 6.94626825416929170e-05 1.43232430396632715e+01
804 8.11405373766722719e-04 1.45144492187695828e+01
805 3.76036163756862348e-04 1.43116178835990020e+01
806 5.20136061064723734e-04 1.41666682788254050e+01
807 1.95789277851357460e-04 1.44175872268530494e+01
808 2.54013727966644358e-04 1.44916647898515922e+01
809 2.89310454828365380e-03 1.45335351237808332e+01
810 1.23278549423621258e-04 1.44740120084741779e+01
811 2.96565814681710484e-04 1.44904415953040928e+01
812 1.84490221069951582e-03 1.44574430267910543e+01
813 4.47294796696304892e-04 1.43099021521643124e+01
814 2.08469411779468514e-04 1.43521040644346538e+01
815 5.77237220477426656e-04 1.42090926255870631e+01
816 2.81469046771882017e-03 1.42138614189198353e+01
817 5.75249784208355162e-04 1.44072619630383425e+01
818 8.04020562318287111e-04 1.44795478612815156e+01
819 6.34597893190400530e-04 1.43630335132258118e+01
820 9.56085578867704278e-05 1.44834662817444197e+01
821 1.75816968555144208e-04 1.42504647384936032e+01
822 4.80633825234869105e-04 1.43787935141197440e+01
823 5.84481068784817879e-04 1.44582234206227707e+01
824 5.40997498413251518e-04 1.45107122359000567e+01
825 2.10569513896176612e-04 1.44611026118867372e+01
826 6.85426066946240265e-04 1.44315961246258713e+01
827 6.21607059869328177e-04 1.44874248327562061e+01
828 1.28159255611322829e-04 1.43623935750882943e+01
829 1.78751892928819727e-03 1.44794773239451633e+01
830 7.29499405437526450e-05 1.42879382980037501e+01
831 5.96516807207341394e-04 1.45187063209505318e+01
832 2.13371547324143622e-04 1.43354825016953331e+01
833 1.04806748948086653e-02 1.45039115989121044e+01
834 8.07756229044127275e-04 1.43423207729192441e+01
835 2.77921730278550853e-03 1.38769306704303226e+01
836 5.32845860657700380e-04 1.44956508322678914e+01
837 1.28680936144496389e-04 1.38955321297758339e+01
838 1.62749533035180729e-04 1.45032855969072294e+01
839 1.74862029241284382e-04 1.42762985480961824e+01
840 3.13644991891416161e-02 1.45419379653715186e+01
841 2.92602756473233489e-04 1.44822730139373395e+01
842 2.19937797989410409e-04 1.40780918115686280e+01
843 6.19348401663504791e-05 1.44526189022620120e+01
844 2.10871966449427547e-04 1.44359975749036469e+01
845 1.29858802171588759e-03 1.41574079156311008e+01
846 3.18175098888830415e-04 1.43745874677505903e+01
847 2.21344734884648767e-04 1.40414076690840322e+01
848 7.09645987334378558e-02 1.45417385671081139e+01
849 6.20123660102108918e-04 1.40696055827079611e+01
850 4.30914576516758935e-03 1.33342249090732761e+01
851 1.35861838999386708e-04 1.43859331632098737e+01
852 1.58438246874332016e-04 1.45025352620379184e+01
853 2.15301888111779898e-03 1.43340829832436096e+01
854 1.08410067294877080e-01 1.45398273419193398e+01
855 3.30114503003650021e-04 1.43563314158170066e+01
856 2.52374494954857136e-04 1.39894327725982706e+01
857 5.98361664116314404e-04 1.42846012329614585e+01
858 3.58259870518788312e-03 1.43515189995095422e+01
859 1.06865232051559455e-03 1.42278164694051981e+01
860 9.06872954888130047e-05 1.44482770572922270e+01
861 1.10667246248369964e-04 1.42984383911028878e+01
862 1.03495975561062608e-04 1.44330950587402089e+01
863 2.91861473139358994e-04 1.41065305457110011e+01
864 9.41474721216265209e-05 1.43728971783507546e+01
865 3.02034361661067592e-04 1.42755553077567647e+01
866 3.42669921150823948e-04 1.45012609106269039e+01
867 3.82988339696408060e-04 1.44583070096194994e+01
868 2.41274732610762563e-04 1.38253925351391871e+01
869 7.77610617109793798e-04 1.44248055408144804e+01
870 1.97614347262723008e-04 1.41458352211687330e+01
871 1.72030721757628763e-03 1.45328999766165428e+01
872 8.20925225160639826e-04 1.44577716597214021e+01
873 1.34051968108204762e-04 1.38566488777469381e+01
874 6.29068860612305150e-04 1.44533793541662643e+01
875 6.98985258950365304e-05 1.43986860289494754e+01
876 8.42407574610840693e-05 1.43621460483475207e+01
877 7.10449315297311630e-04 1.44907784169682738e+01
878 4.00550074087271642e-04 1.43677697562221542e+01
879 5.09439655931094039e-04 1.43612581148456133e+01
880 5.99600540416122272e-04 1.44284491839917877e+01
881 1.62739311009760522e-04 1.45121136267497040e+01
882 4.06664964604165310e-04 1.44156102946753286e+01
883 5.70210093006907003e-04 1.43737935760007076e+01
884 4.20469022545898175e-04 1.44128076268345424e+01
885 3.36851660190258518e-04 1.39497201628826044e+01
886 4.10908806278757494e-04 1.45065474292804932e+01
887 5.11906079905069013e-04 1.39619883623788184e+01
888 6.44604196551876434e-03 1.34075751609887348e+01
889 9.56006796693249609e-03 1.43234491203526222e+01
890 2.99278947239312986e-03 1.45200971722053680e+01
891 1.02682513749400596e-04 1.43692015601883636e+01
892 1.93107460496750520e-04 1.45031540114876716e+01
893 1.62436989313098580e-04 1.42199387720641592e+01
894 7.49856094008274497e-05 1.43411204331643400e+01
895 1.24189489572324493e-04 1.43888233010906976e+01
896 1.89375442395739327e-04 1.43942049991557344e+01
897 2.44067076141681548e-04 1.44799517899518744e+01
898 1.25269930094987908e-04 1.43604871278248680e+01
899 2.13520981734370801e-04 1.35186439630795530e+01
900 2.04600744367474492e-04 1.44703265504818166e+01
901 2.67759093624298644e-04 1.44524950125844196e+01
902 2.66287611633738638e-02 1.43489643666724334e+01
903 8.85902625976586690e-05 1.44865455317528102e+01
904 4.28101614477311169e-04 1.44176721999589130e+01
905 1.45236439092172998e-04 1.43359911659403174e+01
906 3.37204638363982484e-03 1.40296431016494125e+01
907 1.35526395292259960e-04 1.43341379313420294e+01
908 1.76815618969476934e-03 1.36507458692549122e+01
909 3.57667018407889460e-04 1.45159584330403835e+01
910 5.70353617010330529e-04 1.45268974789562950e+01
911 9.40093123951356530e-05 1.43433048092596298e+01
912 1.17367039393392100e-03 1.44316013433703869e+01
913 6.69780230631979688e-03 1.43819786720072162e+01
914 1.00884016046551284e-03 1.45092298955830881e+01
915 3.16164183345546879e-04 1.43681983772334636e+01
916 6.47857272614386090e-04 1.41084204777745157e+01
917 1.33109703042157682e-04 1.43982545077970734e+01
918 1.16085674655342603e-04 1.44426265881568145e+01
919 3.75721757280543696e-04 1.45034790670472606e+01
920 7.17182313462269317e-05 1.43929734189851608e+01
921 1.55164455981337954e-04 1.40529313506737896e+01
922 1.05819987057924447e-04 1.44587196563208114e+01
923 1.59085515237523305e-03 1.43080209553515854e+01
924 3.13875558229635015e-04 1.38952528912786750e+01
925 2.33605157062559746e-04 1.43427909037038788e+01
926 4.96771097625391730e-04 1.42588838877657338e+01
927 1.17941945734637062e-04 1.41234742157573177e+01
928 4.55005825040143705e-04 1.44406954930122424e+01
929 1.67012345591386718e-04 1.43250229513636267e+01
930 3.31321218799469138e-04 1.45177084436009061e+01
931 3.75713114567509388e-03 1.37440905851748525e+01
932 6.50689678745700354e-04 1.44799281257328936e+01
933 5.95862525426553566e-04 1.43558985902019476e+01
934 2.37657318501907199e-04 1.45226669537272048e+01
935 2.21879390097075378e-04 1.43026399402396436e+01
936 5.07917383801131809e-04 1.39345891605862882e+01
937 7.86020391785147252e-05 1.44811196666589534e+01
938 1.23240281802965059e-03 1.45234299868667662e+01
939 6.60721381307792353e-05 1.44427989760904190e+01
940 3.91915744980291165e-04 1.40928736006040118e+01
941 5.40049621428097693e-04 1.43704461802208048e+01
942 2.28032793852836821e-04 1.43386691315108781e+01
943 2.04126298879227632e-04 1.44949543991446621e+01
944 2.39918627799273466e-04 1.45160177138176198e+01
945 1.25718730191892421e-03 1.42876839447941837e+01
946 1.86495332918218014e-04 1.41511193946454643e+01
947 1.66807669844863080e-04 1.44594815145745343e+01
948 1.28451712958808792e-04 1.44865761533245081e+01
949 1.23646534795062606e-04 1.44574176406364003e+01
950 2.85026807444129805e-04 1.43556479587423507e+01
951 2.98604615651311455e-04 1.43605690382516116e+01
952 7.79828760758729384e-05 1.44117533401043723e+01
953 2.33037637736594285e-04 1.44164968413173700e+01
954 6.21271956582666846e-05 1.44361446894330303e+01
955 1.42238708416995193e-04 1.44508775576856436e+01
956 7.36985760665820376e-04 1.43768565088085776e+01
957 1.53822473415660263e-04 1.44661785593407846e+01
958 9.99316859667383976e-05 1.44744759072712696e+01
959 5.80076720165698676e-04 1.40057289680704820e+01
960 2.89308726141397990e-04 1.42149169629519374e+01
961 7.59818225778292596e-05 1.44112374113568649e+01
962 1.44470417271303235e-04 1.44487446314652228e+01
963 4.01485263544466451e-04 1.44354744919821414e+01
964 8.80555906522191936e-04 1.44658746422956899e+01
965 5.57721354235976661e-04 1.44564564942311282e+01
966 4.13864908963055764e-04 1.44757525637854982e+01
967 5.76008506874931816e-04 1.43511986629689936e+01
968 3.13179746230692979e-04 1.42860482651309937e+01
969 1.73821653969864396e-03 1.45235579866388420e+01
970 2.03000786829244013e-04 1.41772753525923321e+01
971 2.03893518775258694e-04 1.42613375192573688e+01
972 8.60142293632538063e-05 1.44582359592933152e+01
973 4.39320049647455840e-04 1.42487187931096528e+01
974 6.26100912940839079e-03 1.45403137791120169e+01
975 1.46232945350219538e-04 1.39852706077778546e+01
976 1.03212805219104204e-04 1.44439660269485248e+01
977 3.60348729608241688e-04 1.40760657710639911e+01
978 3.95456804286332172e-04 1.43146628662958175e+01
979 1.56946960277894285e-03 1.45286328317735958e+01
980 5.30306907801367093e-04 1.42858202658620890e+01
981 2.49780304311505259e-04 1.44804480256884318e+01
982 1.24778082234031362e-02 1.43906414463824674e+01
983 1.36808218671935575e-04 1.44597964714970892e+01
984 6.43391755142285176e-04 1.35588059970022776e+01
985 1.06636901256499417e-04 1.44917403682687738e+01
986 2.74880179153285927e-04 1.45036559429819292e+01
987 1.02133829140741951e-04 1.44263206611923405e+01
988 3.17351766781965054e-03 1.45274187123214862e+01
989 1.12941141246347871e-04 1.44393628585722897e+01
990 2.92406502887917010e-04 1.44519838861949097e+01
991 2.94941854257167388e-03 1.43506266362616390e+01
992 8.52673807076548035e-04 1.38677975810199925e+01
993 1.02937907924907472e-03 1.44231511434735431e+01
994 1.21373606599621672e-03 1.45307525156717716e+01
995 1.56917226187926260e-04 1.35358254896868075e+01
996 6.08275518116776180e-04 1.44571075306808243e+01
997 8.72236896494103320e-04 1.44778892798419836e+01
998 1.04681823195593434e-04 1.42442418741790018e+01
999 4.19580535137260965e-04 1.44853918992777455e+01
