268402688
1144750080
0
0
1144750080
1144750080
0
0
-1002733568
1143720926
1131790271
1141482972
-1014214611
1141565139
-1043027546
-1006886680
1125792690
1132501662
-1017435510
-1036429699
TLAST
1123862862
2415886337
1144750080
0
0
1144750080
1144750080
0
0
-1002733568
1144147793
1132623675
1138712058
-1008353835
1130414711
-1027252312
-1032656917
1118387992
1141669905
-1021165919
-1010761476
TLAST
1136356879
2415886338
1144750080
0
0
1144750080
1144750080
0
0
-1002733568
1135081269
1129366785
-1021236564
-1025036566
1143550580
-1006105481
-1026363745
1135464415
1140040674
1135064686
1132810494
TLAST
-1016592311
268402691
1144750080
0
0
1144750080
1144750080
0
0
-1002733568
1134401796
-1030667637
-1024820199
-1017086239
1142643769
-1020927991
1141855766
-1064189516
1141692229
1131315534
-1008464602
TLAST
1130695919
2415886340
1144750080
0
0
1144750080
1144750080
0
0
-1002733568
1143376766
1105768533
-1004492161
1071917634
1136083226
-1017246156
1130303443
-1030614336
1139386346
1128331306
1137822997
TLAST
1116635671
268402693
1144750080
0
0
1144750080
1144750080
0
0
-1002733568
1144449154
1128627672
-1009353501
1141167747
1143062384
-1018562788
1134283879
-1007000439
1123205231
1083123832
1122681330
TLAST
-1040939055
268402694
1144750080
0
0
1144750080
1144750080
0
0
-1002733568
1143639502
-1012424420
1127848005
1141264504
1134389281
1089348756
-1017960867
-1021532640
1140554819
1134815370
1103917250
TLAST
-1010938399
2415886343
1144750080
0
0
1144750080
1144750080
0
0
-1002733568
1134411346
1130349847
-1032801675
1123828513
1142548993
1122747180
1138494506
-1011082958
1141782231
-1012214953
-1010960933
TLAST
1132073171
