7.50000000000000000e+02 0.00000000000000000e+00 0.00000000000000000e+00 7.50000000000000000e+02
7.50000000000000000e+02 0.00000000000000000e+00 0.00000000000000000e+00 -7.50000000000000000e+02
6.87185412191929004e+02 2.45749009897497501e+02 5.50591551988031483e+02 -2.80626366799703533e+02
5.55606638899202608e+02 -2.65828363846982860e+01 -5.04257090128929860e+02 1.54233190504888853e+02
2.57207948908868559e+02 -2.19166173512799418e+02 -4.63344618591017152e+01 1.26393176294814623e+02
7.50000000000000000e+02 0.00000000000000000e+00 0.00000000000000000e+00 7.50000000000000000e+02
7.50000000000000000e+02 0.00000000000000000e+00 0.00000000000000000e+00 -7.50000000000000000e+02
7.13239340299621176e+02 2.60931479869353666e+02 4.46734182443660870e+02 -4.59483067806227723e+02
2.24759621623881685e+02 -9.86868297900072378e+01 -6.07264837713285246e+01 8.46232314868629487e+01
5.62001038076497025e+02 -1.62244650079346371e+02 -3.86007698672332140e+02 3.74859836319364888e+02
7.50000000000000000e+02 0.00000000000000000e+00 0.00000000000000000e+00 7.50000000000000000e+02
7.50000000000000000e+02 0.00000000000000000e+00 0.00000000000000000e+00 -7.50000000000000000e+02
3.35931318257258283e+02 2.08769551839781570e+02 -1.61166686944806031e+02 -1.15591625258541058e+02
6.76788355483318924e+02 -5.44194771538926261e+02 -1.05466054844550143e+02 3.47623992300643295e+02
4.87280326259422793e+02 3.35425219699144520e+02 2.66632741789356658e+02 -2.32032367042101754e+02
7.50000000000000000e+02 0.00000000000000000e+00 0.00000000000000000e+00 7.50000000000000000e+02
7.50000000000000000e+02 0.00000000000000000e+00 0.00000000000000000e+00 -7.50000000000000000e+02
3.15195449538130390e+02 -7.26299673293288492e+01 -1.17242375507249406e+02 -2.24495622765126228e+02
6.21440984153533009e+02 -1.65875136372860396e+02 5.73345087052174335e+02 -4.55489540285884686e+00
5.63363566308336544e+02 2.38505103702189189e+02 -4.56102711544924944e+02 2.29050518167985189e+02
7.50000000000000000e+02 0.00000000000000000e+00 0.00000000000000000e+00 7.50000000000000000e+02
7.50000000000000000e+02 0.00000000000000000e+00 0.00000000000000000e+00 -7.50000000000000000e+02
6.66179572061224349e+02 2.90861001183811183e+01 -6.42664020748120265e+02 1.78253960377818133e+00
3.66508611342434619e+02 -2.22055483738634393e+02 2.23061820654706594e+02 -7.30366243467501590e+01
4.67311816596340975e+02 1.92969383620253325e+02 4.19602200093413671e+02 7.12540847429719975e+01
7.50000000000000000e+02 0.00000000000000000e+00 0.00000000000000000e+00 7.50000000000000000e+02
7.50000000000000000e+02 0.00000000000000000e+00 0.00000000000000000e+00 -7.50000000000000000e+02
7.31632931280403227e+02 1.97491573918698492e+02 -4.28975680335929837e+02 5.31351757356081748e+02
6.46991223245265815e+02 -2.01965264060419855e+02 3.11596882082190803e+02 -5.00785441228144691e+02
1.21375845474332692e+02 4.47369014172135770e+00 1.17378798253739021e+02 -3.05663161279370819e+01
7.50000000000000000e+02 0.00000000000000000e+00 0.00000000000000000e+00 7.50000000000000000e+02
7.50000000000000000e+02 0.00000000000000000e+00 0.00000000000000000e+00 -7.50000000000000000e+02
6.82215708244007942e+02 -3.35258669814249743e+02 1.85594805890967052e+02 5.37257354454592587e+02
3.14813492931760265e+02 7.44196490690598367e+00 -2.11149863131247628e+02 -1.56648931658901660e+02
5.02970798824231792e+02 3.27816704907343762e+02 2.55550572402806537e+01 -3.80608422795690842e+02
7.50000000000000000e+02 0.00000000000000000e+00 0.00000000000000000e+00 7.50000000000000000e+02
7.50000000000000000e+02 0.00000000000000000e+00 0.00000000000000000e+00 -7.50000000000000000e+02
3.15486864648151538e+02 2.23769884167849995e+02 -6.01742756127663512e+01 1.26131111386156476e+02
6.15656292964738441e+02 1.17881195715275553e+02 4.40095033203693276e+02 -3.76196832141447942e+02
5.68856842387110078e+02 -3.41651079883125703e+02 -3.79920757590926883e+02 2.50065720755291693e+02
7.50000000000000000e+02 0.00000000000000000e+00 0.00000000000000000e+00 7.50000000000000000e+02
7.50000000000000000e+02 0.00000000000000000e+00 0.00000000000000000e+00 -7.50000000000000000e+02
6.57713503301095898e+02 -4.43294019019110351e+02 -3.01683817886199506e+02 -3.39315987174332747e+02
1.99591035689149351e+02 -7.14786171890911106e+01 4.46347342151109387e+01 5.29729111315307151e+01
6.42695461009754808e+02 5.14772636208201220e+02 2.57049083671088397e+02 2.86343076042802181e+02
7.50000000000000000e+02 0.00000000000000000e+00 0.00000000000000000e+00 7.50000000000000000e+02
7.50000000000000000e+02 0.00000000000000000e+00 0.00000000000000000e+00 -7.50000000000000000e+02
5.78437992955673735e+02 5.34218789903225911e+02 -1.52551579860780304e+01 1.37982159585001170e+02
7.40271188430547454e+02 -6.84307516695102322e+02 -4.74228863313009086e+01 -2.18052115025205040e+02
1.81290818613779010e+02 1.50088726791876553e+02 6.26780443173789124e+01 8.00699554402038842e+01
